0.01 18.7040 
0.02 16.1359 
0.0299 14.432 
0.0400 18.032 
0.0500 19.1743 
0.0600 22.3386 
0.0700 22.0548 
0.0800 23.4319 
0.0899 23.0897 
0.0999 23.3248 
0.1099 22.9003 
0.1199 22.3346 
0.1299 22.3126 
0.1399 22.6571 
0.1499 22.5034 
0.16 21.1499 
0.1700 19.9058 
0.1800 18.7999 
0.1900 17.8105 
0.2000 16.9199 
0.2100 16.1142 
0.2200 15.3818 
0.2300 14.7130 
0.2400 14.0999 
0.2500 13.5359 
0.2600 13.0153 
0.2700 12.5333 
0.2800 12.0857 
0.2900 11.6689 
0.3000 11.2799 
0.3100 10.9161 
0.3200 10.5749 
0.3300 10.2545 
0.3400 9.95294 
0.3500 9.66857 
0.3600 9.68266 
0.3700 9.97102 
0.3800 10.0879 
0.3900 10.0685 
0.4000 10.3467 
0.4100 10.9631 
0.4200 11.3279 
0.4300 11.6561 
0.4400 11.7189 
0.4500 11.7976 
0.4600 12.2233 
0.4700 12.3782 
0.4800 12.5619 
0.4900 12.8248 
0.5000 12.7887 
0.5100 12.6544 
0.5200 12.9492 
0.5300 12.9929 
0.5400 13.2234 
0.5500 13.4917 
0.5600 13.5991 
0.5700 13.8961 
0.5800 14.1682 
0.5900 14.5174 
0.6000 14.6429 
0.6100 14.7504 
0.6200 14.7587 
0.6300 14.7667 
0.6400 14.9467 
0.6500 14.7167 
0.6600 14.6094 
0.6700 14.6825 
0.6800 14.9279 
0.6900 15.0926 
0.7000 14.9497 
0.7100 14.7391 
0.7200 14.5344 
0.7300 14.3353 
0.7400 14.1416 
0.7500 13.9530 
0.7600 13.7694 
0.7700 13.5906 
0.7800 13.4164 
0.7900 13.2465 
0.8000 13.0809 
0.8100 12.9195 
0.8200 12.7619 
0.8300 12.6081 
0.8400 12.4580 
0.8500 12.3115 
0.8600 12.1683 
0.8700 12.0285 
0.8800 11.8918 
0.8900 11.7582 
0.9000 11.7688 
0.9100 11.7793 
0.9200 12.0384 
0.9300 12.1278 
0.9400 12.0799 
0.9500 12.0956 
0.9600 12.1551 
0.9700 12.2484 
0.9800 12.3137 
0.9900 12.4720 
1.0000 12.5423 
1.0100 12.5777 
1.0200 12.6789 
1.0300 12.7616 
1.0400 12.8916 
1.0500 13.0596 
1.0600 13.2004 
1.0700 13.2593 
1.0800 13.1365 
1.0900 13.0160 
1.1000 12.8977 
1.1100 12.7815 
1.1200 12.6674 
1.1300 12.5553 
1.1400 12.4451 
1.1500 12.3369 
1.1600 12.2306 
1.1700 12.1260 
1.1800 12.0233 
1.1900 11.9222 
1.2000 11.8229 
1.2100 11.7252 
1.2200 11.6291 
1.2300 11.5345 
1.2400 11.4415 
1.2500 11.3500 
1.2600 11.2599 
1.2700 11.1779 
1.2800 11.2562 
1.2900 11.1821 
1.3000 11.0961 
1.3100 11.0114 
1.3200 10.9279 
1.3300 10.8458 
1.3400 10.7648 
1.3500 10.6851 
1.3600 10.6065 
1.3700 10.5291 
1.3800 10.4528 
1.3900 10.3776 
1.4000 10.3035 
1.4100 10.2304 
1.4200 10.1584 
1.4300 10.0873 
1.4400 10.0173 
1.4500 9.94824 
1.4600 9.88010 
1.4700 9.81289 
1.4800 9.74659 
1.4900 9.80638 
1.5000 9.84277 
1.5100 9.87867 
1.5200 9.89178 
1.5300 9.99341 
1.5400 10.0001 
1.5500 10.1051 
1.5600 10.2524 
1.5700 10.4139 
1.5800 10.4929 
1.5900 10.4269 
1.6000 10.3617 
1.6100 10.2974 
1.6200 10.2338 
1.6300 10.1710 
1.6400 10.1090 
1.6500 10.0478 
1.6600 9.98727 
1.6700 9.92747 
1.6800 9.86838 
1.6900 9.80998 
1.7000 9.75228 
1.7100 9.69525 
1.7200 9.63888 
1.7300 9.58316 
1.7400 9.52809 
1.7500 9.47364 
1.7600 9.41981 
1.7700 9.36659 
1.7800 9.40925 
1.7900 9.47986 
1.8000 9.58737 
1.8100 9.68901 
1.8200 9.77556 
1.8300 9.82408 
1.8400 9.86747 
1.8500 9.81414 
1.8600 9.76137 
1.8700 9.70917 
1.8800 9.65753 
1.8900 9.60643 
1.9000 9.55587 
1.9100 9.50584 
1.9200 9.45633 
1.9300 9.40733 
1.9400 9.35884 
1.9500 9.31085 
1.9600 9.26334 
1.9700 9.21632 
1.9800 9.16977 
1.9900 9.12369 
2.0000 9.07807 
2.0100 9.03291 
2.0200 8.98819 
2.0300 8.94392 
2.0400 8.91254 
2.0500 8.96007 
2.0600 9.03596 
2.0699 9.11111 
2.0799 9.15292 
2.0899 9.19433 
2.0999 9.15055 
2.1099 9.10718 
2.1199 9.06422 
2.1299 9.02167 
2.1399 8.97951 
2.1499 8.93774 
2.1599 8.89637 
2.1699 8.85537 
2.1799 8.81475 
2.1899 8.77450 
2.1999 8.73461 
2.2099 8.69509 
2.2199 8.65592 
2.2299 8.61711 
2.2399 8.57864 
2.2499 8.54051 
2.2599 8.50272 
2.2699 8.46526 
2.2799 8.42814 
2.2899 8.39874 
2.2999 8.43596 
2.3099 8.39944 
2.3199 8.36324 
2.3299 8.32734 
2.3399 8.29176 
2.3499 8.25647 
2.3599 8.22149 
2.3699 8.18680 
2.3799 8.15240 
2.3899 8.11829 
2.3999 8.08446 
2.4099 8.05092 
2.4199 8.01765 
2.4299 7.98465 
2.4399 7.95193 
2.4499 7.91947 
2.4599 7.88728 
2.4699 7.85535 
2.4799 7.82367 
2.4899 7.79225 
2.4999 7.77465 
2.5099 7.84165 
2.5199 7.95523 
2.5299 8.07797 
2.5399 8.15300 
2.5499 8.12103 
2.5599 8.08931 
2.5699 8.05783 
2.5799 8.02660 
2.5899 7.99561 
2.5999 7.96486 
2.6099 7.93434 
2.6199 7.90406 
2.6299 7.87400 
2.6399 7.84418 
2.6499 7.81458 
2.6599 7.78520 
2.6699 7.75604 
2.6799 7.72710 
2.6899 7.69837 
2.6999 7.66986 
2.7099 7.64156 
2.7199 7.61347 
2.7299 7.58558 
2.7399 7.56099 
2.7499 7.57975 
2.7599 7.67211 
2.7699 7.69646 
2.7799 7.73283 
2.7899 7.77502 
2.7999 7.81691 
2.8099 7.85246 
2.8199 7.90882 
2.8299 7.93181 
2.8399 8.02332 
2.8499 8.06658 
2.8599 8.10360 
2.8699 8.17287 
2.8799 8.29761 
2.8899 8.34812 
2.8999 8.38074 
2.9099 8.42771 
2.9199 8.45402 
2.9299 8.51489 
2.9399 8.54650 
2.9499 8.61526 
2.9599 8.66064 
2.9699 8.68573 
2.9799 8.72773 
2.9899 8.76660 
2.9999 8.82501 
3.0099 8.86049 
3.0199 8.94908 
3.0299 8.94753 
3.0399 8.91810 
3.0499 8.88886 
3.0599 8.85981 
3.0699 8.83095 
3.0799 8.80228 
3.0899 8.77379 
3.0999 8.74549 
3.1099 8.71737 
3.1199 8.68943 
3.1299 8.66167 
3.1399 8.63408 
3.1499 8.60667 
3.1599 8.57944 
3.1699 8.55237 
3.1799 8.52548 
3.1899 8.49875 
3.1999 8.47220 
3.2099 8.44580 
3.2199 8.41957 
3.2299 8.42239 
3.2399 8.44350 
3.2499 8.45405 
3.2599 8.50615 
3.2699 8.48014 
3.2799 8.45429 
3.2899 8.42859 
3.2999 8.40305 
3.3099 8.37766 
3.3199 8.35243 
3.3299 8.32735 
3.3399 8.30241 
3.3499 8.27763 
3.3599 8.25300 
3.3699 8.22851 
3.3799 8.20416 
3.3899 8.17996 
3.3999 8.15590 
3.4099 8.13198 
3.4199 8.10821 
3.4299 8.08457 
3.4399 8.06106 
3.4499 8.03770 
3.4599 8.02917 
3.4699 8.08424 
3.4799 8.11705 
3.4899 8.11080 
3.4999 8.14093 
3.5099 8.18780 
3.5199 8.21272 
3.5299 8.27834 
3.5399 8.27172 
3.5499 8.30575 
3.5599 8.33006 
3.5699 8.32098 
3.5799 8.29774 
3.5899 8.27462 
3.5999 8.25164 
3.6099 8.22878 
3.6199 8.20605 
3.6299 8.18344 
3.6399 8.16096 
3.6499 8.13860 
3.6599 8.11637 
3.6699 8.09425 
3.6799 8.07226 
3.6899 8.05038 
3.6999 8.02862 
3.7099 8.00698 
3.7199 7.98546 
3.7299 7.96405 
3.7399 7.94275 
3.7499 7.92157 
3.7599 7.90051 
3.7699 7.92229 
3.7799 7.96639 
3.7899 8.00130 
3.7999 8.04720 
3.8099 8.06391 
3.8199 8.11606 
3.8299 8.20557 
3.8399 8.28579 
3.8499 8.28849 
3.8599 8.27581 
3.8699 8.25442 
3.8799 8.23315 
3.8899 8.21198 
3.8999 8.19093 
3.9099 8.16998 
3.9199 8.14914 
3.9299 8.12840 
3.9399 8.10777 
3.9499 8.08725 
3.9599 8.06682 
3.9699 8.04650 
3.9799 8.02629 
3.9899 8.00617 
3.9999 7.98616 
4.0099 7.96624 
4.0199 7.94642 
4.0299 7.92670 
4.0399 7.90708 
4.0499 7.88756 
4.0599 7.89946 
4.0699 7.95506 
4.0799 7.98545 
4.0899 8.00532 
4.0999 8.02716 
4.1099 8.04476 
4.1199 8.07052 
4.1299 8.10436 
4.1399 8.13395 
4.1499 8.15930 
4.1599 8.19676 
4.1699 8.24218 
4.1799 8.23666 
4.1899 8.23320 
4.1999 8.26609 
4.2099 8.29883 
4.2199 8.35351 
4.2299 8.37787 
4.2399 8.40211 
4.2499 8.42823 
4.2599 8.48011 
4.2699 8.48607 
4.2799 8.52964 
4.2899 8.55720 
4.2999 8.59646 
4.3099 8.62767 
4.3199 8.65874 
4.3299 8.63874 
4.3399 8.61883 
4.3499 8.59902 
4.3599 8.57930 
4.3699 8.55967 
4.3799 8.54012 
4.3899 8.52067 
4.3999 8.50130 
4.4099 8.48203 
4.4199 8.46284 
4.4299 8.44373 
4.4399 8.42472 
4.4499 8.40578 
4.4599 8.38694 
4.4699 8.36817 
4.4799 8.34950 
4.4899 8.33090 
4.4999 8.31239 
4.5099 8.29396 
4.5199 8.28686 
4.5299 8.31911 
4.5399 8.34375 
4.5499 8.37573 
4.5599 8.41687 
4.5699 8.47082 
4.5799 8.47825 
4.5899 8.50966 
4.5999 8.52066 
4.6099 8.55184 
4.6199 8.57738 
4.6299 8.60098 
4.6399 8.59341 
4.6499 8.61140 
4.6599 8.65115 
4.6699 8.69437 
4.6799 8.72290 
4.6899 8.73866 
4.6999 8.77419 
4.7099 8.78437 
4.7199 8.82145 
4.7299 8.90858 
4.7399 8.93272 
4.7499 8.95319 
4.7599 8.99495 
4.7699 8.99032 
4.7799 8.97151 
4.7899 8.95278 
4.7999 8.93413 
4.8099 8.91555 
4.8199 8.89706 
4.8299 8.87864 
4.8399 8.86029 
4.8499 8.84202 
4.8599 8.82383 
4.8699 8.80571 
4.8799 8.78767 
4.8899 8.76970 
4.8999 8.75180 
4.9099 8.73397 
4.9199 8.71622 
4.9299 8.69854 
4.9399 8.68093 
4.9499 8.66340 
4.9599 8.64593 
4.9699 8.63024 
4.9799 8.61291 
4.9899 8.59565 
4.9999 8.57846 
5.0099 8.56134 
5.0199 8.54428 
5.0299 8.52730 
5.0399 8.51038 
5.0499 8.49352 
5.0599 8.47674 
5.0699 8.46002 
5.0799 8.44337 
5.0899 8.42678 
5.0999 8.41025 
5.1099 8.39380 
5.1199 8.37740 
5.1299 8.36107 
5.1399 8.34480 
5.1499 8.32860 
5.1599 8.31246 
5.1699 8.29638 
5.1799 8.28037 
5.1899 8.26441 
5.1999 8.24852 
5.2099 8.23269 
5.2199 8.21691 
5.2299 8.20120 
5.2399 8.18555 
5.2499 8.16996 
5.2599 8.15443 
5.2699 8.13896 
5.2799 8.12354 
5.2899 8.10818 
5.2999 8.09289 
5.3099 8.07764 
5.3199 8.06246 
5.3299 8.04733 
5.3399 8.03226 
5.3499 8.01725 
5.3599 8.00229 
5.3699 8.00318 
5.3799 8.03244 
5.3899 8.05215 
5.3999 8.06394 
5.4099 8.05687 
5.4199 8.07642 
5.4299 8.11465 
5.4399 8.12000 
5.4499 8.13622 
5.4599 8.13529 
5.4699 8.15453 
5.4799 8.19535 
5.4899 8.24221 
5.4999 8.24727 
5.5099 8.28770 
5.5199 8.29573 
5.5299 8.28993 
5.5399 8.27497 
5.5499 8.26006 
5.5599 8.24520 
5.5699 8.23040 
5.5799 8.21565 
5.5899 8.20095 
5.5999 8.18631 
5.6099 8.17172 
5.6199 8.15718 
5.6299 8.14269 
5.6399 8.12825 
5.6499 8.11386 
5.6599 8.09953 
5.6699 8.08524 
5.6799 8.07101 
5.6899 8.05682 
5.6999 8.04269 
5.7099 8.02860 
5.7199 8.01902 
5.7299 8.02722 
5.7399 8.05312 
5.7499 8.08189 
5.7599 8.10466 
5.7699 8.12589 
5.7799 8.14264 
5.7899 8.19741 
5.7999 8.21252 
5.8099 8.24217 
5.8199 8.27026 
5.8299 8.28953 
5.8399 8.30873 
5.8499 8.29453 
5.8599 8.33247 
5.8699 8.34573 
5.8799 8.33153 
5.8899 8.31739 
5.8999 8.30329 
5.9099 8.28924 
5.9199 8.27524 
5.9299 8.26128 
5.9399 8.24738 
5.9499 8.23351 
5.9599 8.21970 
5.9699 8.20593 
5.9799 8.19221 
5.9899 8.17853 
5.9999 8.16490 
6.0099 8.15132 
6.0199 8.13778 
6.0299 8.12428 
6.0399 8.11083 
6.0499 8.09742 
6.0599 8.08406 
6.0699 8.09449 
6.0799 8.13139 
6.0899 8.12778 
6.0999 8.11724 
6.1099 8.10396 
6.1199 8.09071 
6.1299 8.07752 
6.1399 8.06436 
6.1499 8.05125 
6.1599 8.03818 
6.1699 8.02515 
6.1799 8.01216 
6.1899 7.99922 
6.1999 7.98632 
6.2099 7.97346 
6.2199 7.96064 
6.2299 7.94786 
6.2399 7.93512 
6.2499 7.92243 
6.2599 7.90977 
6.2699 7.89716 
6.2799 7.88458 
6.2899 7.87205 
6.2999 7.87705 
6.3099 7.89682 
6.3199 7.92189 
6.3299 7.95359 
6.3399 7.99722 
6.3499 8.00332 
6.3599 7.99874 
6.3699 7.99550 
6.3799 8.02816 
6.3899 8.06735 
6.3999 8.07992 
6.4099 8.11626 
6.4199 8.15646 
6.4299 8.18465 
6.4399 8.19433 
6.4499 8.21318 
6.4599 8.25691 
6.4699 8.26643 
6.4799 8.29555 
6.4899 8.31805 
6.4999 8.31438 
6.5099 8.30161 
6.5199 8.28888 
6.5299 8.27618 
6.5399 8.26353 
6.5499 8.25091 
6.5599 8.23834 
6.5699 8.22580 
6.5799 8.21330 
6.5899 8.20083 
6.5999 8.18841 
6.6099 8.17602 
6.6199 8.16367 
6.6299 8.15136 
6.6399 8.13908 
6.6499 8.12684 
6.6599 8.11464 
6.6699 8.10247 
6.6799 8.09034 
6.6899 8.07825 
6.6999 8.08897 
6.7099 8.12242 
6.7199 8.14692 
6.7299 8.15498 
6.7399 8.18062 
6.7499 8.19112 
6.7599 8.20911 
6.7699 8.22579 
6.7799 8.24368 
6.7899 8.26026 
6.7999 8.25684 
6.8099 8.24472 
6.8199 8.23263 
6.8299 8.22057 
6.8399 8.20856 
6.8499 8.19657 
6.8599 8.18462 
6.8699 8.17271 
6.8799 8.16083 
6.8899 8.14899 
6.8999 8.13718 
6.9099 8.12540 
6.9199 8.11366 
6.9299 8.10195 
6.9399 8.09028 
6.9499 8.07864 
6.9599 8.06703 
6.9699 8.05546 
6.9799 8.04391 
6.9899 8.03241 
6.9999 8.03547 
7.0099 8.05909 
7.0199 8.08022 
7.0299 8.11215 
7.0399 8.12352 
7.0499 8.13966 
7.0599 8.15576 
7.0699 8.17781 
7.0799 8.19500 
7.0899 8.23846 
7.0999 8.24597 
7.1099 8.25464 
7.1199 8.25020 
7.1299 8.25171 
7.1399 8.26034 
7.1499 8.28674 
7.1599 8.28938 
7.1699 8.27782 
7.1799 8.26629 
7.1899 8.25479 
7.1999 8.24333 
7.2099 8.23190 
7.2199 8.22049 
7.2299 8.20912 
7.2399 8.19779 
7.2499 8.18648 
7.2599 8.17520 
7.2699 8.16396 
7.2799 8.15274 
7.2899 8.14156 
7.2999 8.13041 
7.3099 8.11928 
7.3199 8.10819 
7.3299 8.09713 
7.3399 8.08610 
7.3499 8.07510 
7.3599 8.06528 
7.3699 8.07735 
7.3799 8.09628 
7.3899 8.11630 
7.3999 8.14201 
7.4099 8.15619 
7.4199 8.17720 
7.4299 8.19131 
7.4399 8.20081 
7.4499 8.21485 
7.4599 8.23566 
7.4699 8.26210 
7.4799 8.28166 
7.4899 8.30910 
7.4999 8.33986 
7.5099 8.32875 
7.5199 8.31768 
7.5299 8.30663 
7.5399 8.29561 
7.5499 8.28463 
7.5599 8.27367 
7.5699 8.26274 
7.5799 8.25184 
7.5899 8.24096 
7.5999 8.23012 
7.6099 8.21931 
7.6199 8.20852 
7.6299 8.19776 
7.6399 8.18703 
7.6499 8.17633 
7.6599 8.16566 
7.6699 8.15501 
7.6799 8.14439 
7.6899 8.13380 
7.6999 8.13645 
7.7099 8.13250 
7.7199 8.12196 
7.7299 8.11146 
7.7399 8.10098 
7.7499 8.09052 
7.7599 8.08010 
7.7699 8.06970 
7.7799 8.05933 
7.7899 8.04898 
7.7999 8.03866 
7.8099 8.02837 
7.8199 8.01810 
7.8299 8.00786 
7.8399 7.99765 
7.8499 7.98746 
7.8599 7.97730 
7.8699 7.96716 
7.8799 7.95705 
7.8899 7.94697 
7.8999 7.93691 
7.9099 7.93759 
7.9199 7.95113 
7.9299 7.97318 
7.9399 8.00159 
7.9499 7.99899 
7.9599 8.02410 
7.9699 8.03637 
7.9799 8.05818 
7.9899 8.07887 
7.9999 8.08786 
8.0099 8.10317 
8.0199 8.09306 
8.0299 8.08298 
8.0399 8.07293 
8.0499 8.06290 
8.0599 8.05290 
8.0699 8.04292 
8.0799 8.03297 
8.0899 8.02304 
8.0999 8.01313 
8.1099 8.00325 
8.1199 7.99339 
8.1299 7.98356 
8.1399 7.97375 
8.1499 7.96397 
8.1599 7.95421 
8.1699 7.94447 
8.1799 7.93476 
8.1899 7.92507 
8.1999 7.91541 
8.2099 7.90577 
8.2199 7.93123 
8.2299 7.94941 
8.2399 7.94491 
8.2499 7.93528 
8.2599 7.92567 
8.2699 7.91609 
8.2799 7.90653 
8.2899 7.89699 
8.2999 7.88747 
8.3099 7.87798 
8.3199 7.86851 
8.3299 7.85907 
8.3399 7.84964 
8.3499 7.84024 
8.3599 7.83087 
8.3699 7.82151 
8.3799 7.81218 
8.3899 7.80287 
8.3999 7.79358 
8.4099 7.78431 
8.4199 7.77506 
8.4299 7.76584 
8.4399 7.77372 
8.4499 7.78158 
8.4599 7.80245 
8.4699 7.80926 
8.4799 7.82405 
8.4899 7.84380 
8.4999 7.84854 
8.5099 7.83932 
8.5199 7.83012 
8.5299 7.82094 
8.5399 7.81178 
8.5499 7.80264 
8.5599 7.79353 
8.5699 7.78443 
8.5799 7.77536 
8.5899 7.76631 
8.5999 7.75728 
8.6099 7.74827 
8.6199 7.73928 
8.6299 7.73031 
8.6399 7.72137 
8.6499 7.71244 
8.6599 7.70353 
8.6699 7.69465 
8.6799 7.68578 
8.6899 7.67694 
8.6999 7.67981 
8.7099 7.68852 
8.7199 7.71082 
8.7299 7.71462 
8.7399 7.72422 
8.7499 7.72800 
8.7599 7.74434 
8.7699 7.77516 
8.7799 7.79624 
8.7899 7.82789 
8.7999 7.83441 
8.8099 7.84573 
8.8199 7.86087 
8.8299 7.85773 
8.8399 7.84885 
8.8499 7.83998 
8.8599 7.83113 
8.8699 7.82230 
8.8799 7.81349 
8.8899 7.80470 
8.8999 7.79593 
8.9099 7.78718 
8.9199 7.77845 
8.9299 7.76974 
8.9399 7.76105 
8.9499 7.75238 
8.9599 7.74373 
8.9699 7.73509 
8.9799 7.72648 
8.9899 7.71789 
8.9999 7.70931 
9.0099 7.70075 
9.0199 7.69410 
9.0299 7.70811 
9.0399 7.74368 
9.0499 7.75573 
9.0599 7.76683 
9.0699 7.79192 
9.0799 7.79829 
9.0899 7.78971 
9.0999 7.78115 
9.1099 7.77261 
9.1199 7.76408 
9.1299 7.75558 
9.1399 7.74709 
9.1499 7.73863 
9.1599 7.73018 
9.1699 7.72175 
9.1799 7.71334 
9.1899 7.70494 
9.1999 7.69657 
9.2099 7.68821 
9.2199 7.67987 
9.2299 7.67155 
9.2399 7.66325 
9.2499 7.65497 
9.2599 7.64670 
9.2699 7.63845 
9.2799 7.63479 
9.2899 7.65213 
9.2999 7.67308 
9.3099 7.69398 
9.3199 7.69210 
9.3299 7.69658 
9.3399 7.70831 
9.3499 7.70007 
9.3599 7.69184 
9.3699 7.68363 
9.3799 7.67544 
9.3899 7.66727 
9.3999 7.65911 
9.4099 7.65097 
9.4199 7.64285 
9.4299 7.63474 
9.4399 7.62666 
9.4499 7.61859 
9.4599 7.61053 
9.4699 7.60250 
9.4799 7.59448 
9.4899 7.58647 
9.4999 7.57849 
9.5099 7.57052 
9.5199 7.56257 
9.5299 7.55463 
9.5399 7.54760 
9.5499 7.55657 
9.5599 7.57350 
9.5699 7.59660 
9.5799 7.59841 
9.5899 7.63028 
9.5999 7.64265 
9.6099 7.64969 
9.6199 7.64174 
9.6299 7.63381 
9.6399 7.62589 
9.6499 7.61798 
9.6599 7.61010 
9.6699 7.60223 
9.6799 7.59438 
9.6899 7.58654 
9.6999 7.57872 
9.7099 7.57091 
9.7199 7.56312 
9.7299 7.55535 
9.7399 7.54759 
9.7499 7.53985 
9.7599 7.53213 
9.7699 7.52442 
9.7799 7.51672 
9.7899 7.50905 
9.7999 7.50138 
9.8099 7.49892 
9.8199 7.51028 
9.8299 7.52421 
9.8399 7.54673 
9.8499 7.55714 
9.8599 7.57184 
9.8699 7.57963 
9.8799 7.58999 
9.8899 7.60289 
9.8999 7.61663 
9.9099 7.62006 
9.9199 7.62777 
9.9299 7.64144 
9.9399 7.65849 
9.9499 7.68829 
9.9599 7.71378 
9.9699 7.70604 
9.9799 7.69832 
9.9899 7.69061 
9.9999 7.68292 
