0.01 25.488 
0.02 20.7999 
0.0299 30.2613 
0.0400 38.808 
0.0500 40.3744 
0.0600 42.1253 
0.0700 40.9531 
0.0800 39.6499 
0.0899 40.2382 
0.0999 42.5744 
0.1099 42.7898 
0.1199 44.3120 
0.1299 44.8172 
0.1399 44.0388 
0.1499 43.1381 
0.16 43.5159 
0.1700 41.9039 
0.1800 42.1199 
0.1900 43.1612 
0.2000 41.6391 
0.2100 41.6754 
0.2200 42.0552 
0.2300 41.4434 
0.2400 41.1299 
0.2500 41.5539 
0.2600 42.0430 
0.2700 41.1768 
0.2800 40.8571 
0.2900 40.9103 
0.3000 40.8751 
0.3100 40.4867 
0.3200 41.0499 
0.3300 41.4249 
0.3400 40.5807 
0.3500 40.7538 
0.3600 40.2342 
0.3700 40.4302 
0.3800 41.1292 
0.3900 41.2270 
0.4000 40.7899 
0.4100 40.2087 
0.4200 39.8571 
0.4300 40.0543 
0.4400 40.3389 
0.4500 40.0831 
0.4600 39.8201 
0.4700 39.8209 
0.4800 39.9276 
0.4900 39.9435 
0.5000 39.9926 
0.5100 39.6241 
0.5200 39.9384 
0.5300 40.2249 
0.5400 40.3122 
0.5500 40.3810 
0.5600 39.9628 
0.5700 40.0502 
0.5800 40.4708 
0.5900 40.6042 
0.6000 40.7189 
0.6100 40.9967 
0.6200 41.1014 
0.6300 40.7182 
0.6400 40.8769 
0.6500 40.8743 
0.6600 40.9103 
0.6700 40.6414 
0.6800 40.9665 
0.6900 40.9504 
0.7000 40.7773 
0.7100 40.6807 
0.7200 40.6457 
0.7300 40.9021 
0.7400 40.7619 
0.7500 40.7724 
0.7600 41.0170 
0.7700 41.2222 
0.7800 40.9003 
0.7900 40.8656 
0.8000 40.9801 
0.8100 41.2071 
0.8200 40.8597 
0.8300 41.0723 
0.8400 41.0074 
0.8500 40.9439 
0.8600 41.0398 
0.8700 40.7142 
0.8800 40.7334 
0.8900 40.9903 
0.9000 40.6951 
0.9100 40.8070 
0.9200 40.6584 
0.9300 40.6862 
0.9400 40.9300 
0.9500 40.8383 
0.9600 40.9076 
0.9700 40.9755 
0.9800 40.5919 
0.9900 40.1819 
1.0000 39.7801 
1.0100 39.3862 
1.0200 39.0001 
1.0300 38.6215 
1.0400 38.2501 
1.0500 37.8858 
1.0600 37.5284 
1.0700 37.1777 
1.0800 36.8334 
1.0900 36.4955 
1.1000 36.1637 
1.1100 35.8379 
1.1200 35.5179 
1.1300 35.2036 
1.1400 34.8948 
1.1500 34.5914 
1.1600 34.2932 
1.1700 34.0001 
1.1800 33.8916 
1.1900 33.9275 
1.2000 33.9981 
1.2100 34.1586 
1.2200 34.0941 
1.2300 34.2926 
1.2400 34.4538 
1.2500 34.4902 
1.2600 34.5597 
1.2700 34.5012 
1.2800 34.4371 
1.2900 34.5711 
1.3000 34.6183 
1.3100 34.5676 
1.3200 34.6976 
1.3300 34.7811 
1.3400 34.8316 
1.3500 34.8562 
1.3600 34.8244 
1.3700 34.8611 
1.3800 35.0817 
1.3900 34.8781 
1.4000 34.9318 
1.4100 35.0269 
1.4200 35.2819 
1.4300 35.2368 
1.4400 35.3454 
1.4500 35.4759 
1.4600 35.5059 
1.4700 35.6163 
1.4800 35.6449 
1.4900 35.5423 
1.5000 35.7293 
1.5100 35.7567 
1.5200 35.7111 
1.5300 35.7825 
1.5400 35.8861 
1.5500 35.7968 
1.5600 35.8391 
1.5700 35.9241 
1.5800 36.1637 
1.5900 36.2136 
1.6000 36.1780 
1.6100 36.1640 
1.6200 36.3177 
1.6300 36.3498 
1.6400 36.1281 
1.6500 35.9092 
1.6600 35.6929 
1.6700 35.4791 
1.6800 35.2679 
1.6900 35.0593 
1.7000 34.8530 
1.7100 34.6492 
1.7200 34.4478 
1.7300 34.2486 
1.7400 34.0518 
1.7500 33.8572 
1.7600 33.6649 
1.7700 33.4747 
1.7800 33.2866 
1.7900 33.1006 
1.8000 32.9167 
1.8100 32.7349 
1.8200 32.5550 
1.8300 32.3910 
1.8400 32.4224 
1.8500 32.5863 
1.8600 32.4430 
1.8700 32.4963 
1.8800 32.5805 
1.8900 32.6280 
1.9000 32.6750 
1.9100 32.6593 
1.9200 32.6614 
1.9300 32.7998 
1.9400 32.7837 
1.9500 32.7895 
1.9600 32.8083 
1.9700 32.7580 
1.9800 32.7167 
1.9900 32.7483 
2.0000 32.8644 
2.0100 32.9836 
2.0200 32.9253 
2.0300 33.0304 
2.0400 32.9599 
2.0500 33.0680 
2.0600 33.0351 
2.0699 33.1131 
2.0799 33.2801 
2.0899 33.2182 
2.0999 33.2781 
2.1099 33.2932 
2.1199 33.3442 
2.1299 33.3509 
2.1399 33.4724 
2.1499 33.5179 
2.1599 33.5040 
2.1699 33.4630 
2.1799 33.3950 
2.1899 33.2968 
2.1999 33.2880 
2.2099 33.3523 
2.2199 33.3434 
2.2299 33.3650 
2.2399 33.3902 
2.2499 33.4377 
2.2599 33.4061 
2.2699 33.4158 
2.2799 33.5705 
2.2899 33.6054 
2.2999 33.6068 
2.3099 33.7109 
2.3199 33.6862 
2.3299 33.6981 
2.3399 33.7353 
2.3499 33.7614 
2.3599 33.6974 
2.3699 33.7055 
2.3799 33.8667 
2.3899 33.9095 
2.3999 33.9520 
2.4099 33.8850 
2.4199 33.9096 
2.4299 34.0248 
2.4399 34.0835 
2.4499 34.1071 
2.4599 34.1580 
2.4699 34.2566 
2.4799 34.2792 
2.4899 34.1517 
2.4999 34.0151 
2.5099 33.8796 
2.5199 33.7452 
2.5299 33.6118 
2.5399 33.4794 
2.5499 33.3482 
2.5599 33.2179 
2.5699 33.0886 
2.5799 32.9604 
2.5899 32.8331 
2.5999 32.7068 
2.6099 32.5815 
2.6199 32.4572 
2.6299 32.3338 
2.6399 32.2113 
2.6499 32.0897 
2.6599 31.9691 
2.6699 31.8494 
2.6799 31.7305 
2.6899 31.6788 
2.6999 31.6871 
2.7099 31.7579 
2.7199 31.8438 
2.7299 31.9384 
2.7399 31.9951 
2.7499 31.9558 
2.7599 32.0367 
2.7699 32.1262 
2.7799 32.1662 
2.7899 32.2211 
2.7999 32.2150 
2.8099 32.2603 
2.8199 32.3895 
2.8299 32.4279 
2.8399 32.4929 
2.8499 32.5574 
2.8599 32.4880 
2.8699 32.5107 
2.8799 32.5745 
2.8899 32.5586 
2.8999 32.4464 
2.9099 32.3349 
2.9199 32.2241 
2.9299 32.1141 
2.9399 32.0049 
2.9499 31.8964 
2.9599 31.7887 
2.9699 31.6816 
2.9799 31.5753 
2.9899 31.4697 
2.9999 31.3648 
3.0099 31.2606 
3.0199 31.1571 
3.0299 31.0543 
3.0399 30.9521 
3.0499 30.8506 
3.0599 30.7498 
3.0699 30.6496 
3.0799 30.5501 
3.0899 30.4595 
3.0999 30.5090 
3.1099 30.5690 
3.1199 30.5580 
3.1299 30.5850 
3.1399 30.6550 
3.1499 30.6950 
3.1599 30.7052 
3.1699 30.7448 
3.1799 30.8481 
3.1899 30.8524 
3.1999 30.8991 
3.2099 30.9983 
3.2199 30.9258 
3.2299 30.9613 
3.2399 31.0228 
3.2499 30.9873 
3.2599 31.0353 
3.2699 31.0986 
3.2799 31.1796 
3.2899 31.1776 
3.2999 31.2553 
3.3099 31.2787 
3.3199 31.2688 
3.3299 31.1749 
3.3399 31.0816 
3.3499 30.9888 
3.3599 30.8966 
3.3699 30.8049 
3.3799 30.7137 
3.3899 30.6231 
3.3999 30.5331 
3.4099 30.4435 
3.4199 30.3545 
3.4299 30.2660 
3.4399 30.1780 
3.4499 30.0906 
3.4599 30.0036 
3.4699 29.9171 
3.4799 29.8312 
3.4899 29.7457 
3.4999 29.6607 
3.5099 29.5762 
3.5199 29.5090 
3.5299 29.5456 
3.5399 29.6010 
3.5499 29.6466 
3.5599 29.6158 
3.5699 29.6397 
3.5799 29.7275 
3.5899 29.8124 
3.5999 29.8450 
3.6099 29.9361 
3.6199 29.9846 
3.6299 29.9931 
3.6399 30.0156 
3.6499 30.0030 
3.6599 30.0068 
3.6699 30.0636 
3.6799 30.0926 
3.6899 30.0845 
3.6999 30.1316 
3.7099 30.1898 
3.7199 30.2272 
3.7299 30.2257 
3.7399 30.2469 
3.7499 30.3223 
3.7599 30.3522 
3.7699 30.3616 
3.7799 30.3845 
3.7899 30.4408 
3.7999 30.4522 
3.8099 30.4680 
3.8199 30.5547 
3.8299 30.5480 
3.8399 30.5656 
3.8499 30.6052 
3.8599 30.5962 
3.8699 30.5850 
3.8799 30.6068 
3.8899 30.6262 
3.8999 30.6564 
3.9099 30.6495 
3.9199 30.7444 
3.9299 30.7395 
3.9399 30.7325 
3.9499 30.7964 
3.9599 30.8257 
3.9699 30.8570 
3.9799 30.8328 
3.9899 30.8617 
3.9999 30.9521 
4.0099 30.9468 
4.0199 30.9858 
4.0299 31.0036 
4.0399 30.9752 
4.0499 30.9866 
4.0599 31.0649 
4.0699 31.0740 
4.0799 31.1121 
4.0899 31.1646 
4.0999 31.1589 
4.1099 31.1883 
4.1199 31.1661 
4.1299 31.2056 
4.1399 31.2962 
4.1499 31.3270 
4.1599 31.3251 
4.1699 31.3598 
4.1799 31.3822 
4.1899 31.4145 
4.1999 31.4427 
4.2099 31.4647 
4.2199 31.4966 
4.2299 31.4963 
4.2399 31.4761 
4.2499 31.4599 
4.2599 31.4776 
4.2699 31.4873 
4.2799 31.4811 
4.2899 31.5164 
4.2999 31.5496 
4.3099 31.5158 
4.3199 31.5194 
4.3299 31.5445 
4.3399 31.6281 
4.3499 31.6256 
4.3599 31.6153 
4.3699 31.6652 
4.3799 31.7110 
4.3899 31.7353 
4.3999 31.7538 
4.4099 31.7914 
4.4199 31.8499 
4.4299 31.8470 
4.4399 31.8459 
4.4499 31.9077 
4.4599 31.9655 
4.4699 31.9547 
4.4799 31.9875 
4.4899 32.0409 
4.4999 32.0394 
4.5099 32.0812 
4.5199 32.1152 
4.5299 32.1716 
4.5399 32.1680 
4.5499 32.1644 
4.5599 32.1701 
4.5699 32.2074 
4.5799 32.2278 
4.5899 32.2388 
4.5999 32.3254 
4.6099 32.2829 
4.6199 32.3048 
4.6299 32.3742 
4.6399 32.3757 
4.6499 32.3864 
4.6599 32.4424 
4.6699 32.4982 
4.6799 32.4886 
4.6899 32.4681 
4.6999 32.5254 
4.7099 32.4563 
4.7199 32.3875 
4.7299 32.3191 
4.7399 32.2509 
4.7499 32.1830 
4.7599 32.1154 
4.7699 32.0481 
4.7799 31.9810 
4.7899 31.9142 
4.7999 31.8478 
4.8099 31.7815 
4.8199 31.7156 
4.8299 31.6499 
4.8399 31.5845 
4.8499 31.5194 
4.8599 31.4546 
4.8699 31.3900 
4.8799 31.3257 
4.8899 31.2616 
4.8999 31.1978 
4.9099 31.1463 
4.9199 31.1503 
4.9299 31.1817 
4.9399 31.2525 
4.9499 31.2236 
4.9599 31.2324 
4.9699 31.2617 
4.9799 31.2790 
4.9899 31.3064 
4.9999 31.3540 
5.0099 31.3303 
5.0199 31.3473 
