0.01 1 
0.02 1 
0.0299 1 
0.0400 1 
0.0500 1 
0.0600 1 
0.0700 1 
0.0800 1 
0.0899 1 
0.0999 1 
0.1099 1 
0.1199 1 
0.1299 1 
0.1399 1 
0.1499 1 
0.16 1 
0.1700 1 
0.1800 1 
0.1900 1 
0.2000 1 
0.2100 1 
0.2200 1 
0.2300 1 
0.2400 1 
0.2500 1 
0.2600 1 
0.2700 1 
0.2800 1 
0.2900 1 
0.3000 1 
0.3100 1 
0.3200 1 
0.3300 1 
0.3400 1 
0.3500 1 
0.3600 1 
0.3700 1 
0.3800 1 
0.3900 1 
0.4000 1 
0.4100 1 
0.4200 1 
0.4300 1 
0.4400 1 
0.4500 1 
0.4600 1 
0.4700 1 
0.4800 1 
0.4900 1 
0.5000 1 
0.5100 1 
0.5200 1 
0.5300 1 
0.5400 1 
0.5500 1 
0.5600 1 
0.5700 1 
0.5800 1 
0.5900 1 
0.6000 1 
0.6100 1 
0.6200 1 
0.6300 1 
0.6400 1 
0.6500 1 
0.6600 1 
0.6700 1 
0.6800 1 
0.6900 1 
0.7000 1 
0.7100 1 
0.7200 1 
0.7300 1 
0.7400 1 
0.7500 1 
0.7600 1 
0.7700 1 
0.7800 1 
0.7900 1 
0.8000 1 
0.8100 1 
0.8200 1 
0.8300 1 
0.8400 1 
0.8500 1 
0.8600 1 
0.8700 1 
0.8800 1 
0.8900 1 
0.9000 1 
0.9100 1 
0.9200 1 
0.9300 1 
0.9400 1 
0.9500 1 
0.9600 1 
0.9700 1 
0.9800 1 
0.9900 1 
1.0000 1 
1.0100 1 
1.0200 1 
1.0300 1 
1.0400 1 
1.0500 1 
1.0600 1 
1.0700 1 
1.0800 1 
1.0900 1 
1.1000 1 
1.1100 1 
1.1200 1 
1.1300 1 
1.1400 1 
1.1500 1 
1.1600 1 
1.1700 1 
1.1800 1 
1.1900 1 
1.2000 1 
1.2100 1 
1.2200 1 
1.2300 1 
1.2400 1 
1.2500 1 
1.2600 1 
1.2700 1 
1.2800 1 
1.2900 1 
1.3000 1 
1.3100 1 
1.3200 1 
1.3300 1 
1.3400 1 
1.3500 1 
1.3600 1 
1.3700 1 
1.3800 1 
1.3900 1 
1.4000 1 
1.4100 1 
1.4200 1 
1.4300 1 
1.4400 1 
1.4500 1 
1.4600 1 
1.4700 1 
1.4800 1 
1.4900 1 
1.5000 1 
1.5100 1 
1.5200 1 
1.5300 1 
1.5400 1 
1.5500 1 
1.5600 1 
1.5700 1 
1.5800 1 
1.5900 1 
1.6000 1 
1.6100 1 
1.6200 1 
1.6300 1 
1.6400 1 
1.6500 1 
1.6600 1 
1.6700 1 
1.6800 1 
1.6900 1 
1.7000 1 
1.7100 1 
1.7200 1 
1.7300 1 
1.7400 1 
1.7500 1 
1.7600 1 
1.7700 1 
1.7800 1 
1.7900 1 
1.8000 1 
1.8100 1 
1.8200 1 
1.8300 1 
1.8400 1 
1.8500 1 
1.8600 1 
1.8700 1 
1.8800 1 
1.8900 1 
1.9000 1 
1.9100 1 
1.9200 1 
1.9300 1 
1.9400 1 
1.9500 1 
1.9600 1 
1.9700 1 
1.9800 1 
1.9900 1 
2.0000 1 
2.0100 1 
2.0200 1 
2.0300 1 
2.0400 1 
2.0500 1 
2.0600 1 
2.0699 1 
2.0799 1 
2.0899 1 
2.0999 1 
2.1099 1 
2.1199 1 
2.1299 1 
2.1399 1 
2.1499 1 
2.1599 1 
2.1699 1 
2.1799 1 
2.1899 1 
2.1999 1 
2.2099 1 
2.2199 1 
2.2299 1 
2.2399 1 
2.2499 1 
2.2599 1 
2.2699 1 
2.2799 1 
2.2899 1 
2.2999 1 
2.3099 1 
2.3199 1 
2.3299 1 
2.3399 1 
2.3499 1 
2.3599 1 
2.3699 1 
2.3799 1 
2.3899 1 
2.3999 1 
2.4099 1 
2.4199 1 
2.4299 1 
2.4399 1 
2.4499 1 
2.4599 1 
2.4699 1 
2.4799 1 
2.4899 1 
2.4999 1 
2.5099 1 
2.5199 1 
2.5299 1 
2.5399 1 
2.5499 1 
2.5599 1 
2.5699 1 
2.5799 1 
2.5899 1 
2.5999 1 
2.6099 1 
2.6199 1 
2.6299 1 
2.6399 1 
2.6499 1 
2.6599 1 
2.6699 1 
2.6799 1 
2.6899 1 
2.6999 1 
2.7099 1 
2.7199 1 
2.7299 1 
2.7399 1 
2.7499 1 
2.7599 1 
2.7699 1 
2.7799 1 
2.7899 1 
2.7999 1 
2.8099 1 
2.8199 1 
2.8299 1 
2.8399 1 
2.8499 1 
2.8599 1 
2.8699 1 
2.8799 1 
2.8899 1 
2.8999 1 
2.9099 1 
2.9199 1 
2.9299 1 
2.9399 1 
2.9499 1 
2.9599 1 
2.9699 1 
2.9799 1 
2.9899 1 
2.9999 1 
3.0099 1 
3.0199 1 
3.0299 1 
3.0399 1 
3.0499 1 
3.0599 1 
3.0699 1 
3.0799 1 
3.0899 1 
3.0999 1 
3.1099 1 
3.1199 1 
3.1299 1 
3.1399 1 
3.1499 1 
3.1599 1 
3.1699 1 
3.1799 1 
3.1899 1 
3.1999 1 
3.2099 1 
3.2199 1 
3.2299 1 
3.2399 1 
3.2499 1 
3.2599 1 
3.2699 1 
3.2799 1 
3.2899 1 
3.2999 1 
3.3099 1 
3.3199 1 
3.3299 1 
3.3399 1 
3.3499 1 
3.3599 1 
3.3699 1 
3.3799 1 
3.3899 1 
3.3999 1 
3.4099 1 
3.4199 1 
3.4299 1 
3.4399 1 
3.4499 1 
3.4599 1 
3.4699 1 
3.4799 1 
3.4899 1 
3.4999 1 
3.5099 1 
3.5199 1 
3.5299 1 
3.5399 1 
3.5499 1 
3.5599 1 
3.5699 1 
3.5799 1 
3.5899 1 
3.5999 1 
3.6099 1 
3.6199 1 
3.6299 1 
3.6399 1 
3.6499 1 
3.6599 1 
3.6699 1 
3.6799 1 
3.6899 1 
3.6999 1 
3.7099 1 
3.7199 1 
3.7299 1 
3.7399 1 
3.7499 1 
3.7599 1 
3.7699 1 
3.7799 1 
3.7899 1 
3.7999 1 
3.8099 1 
3.8199 1 
3.8299 1 
3.8399 1 
3.8499 1 
3.8599 1 
3.8699 1 
3.8799 1 
3.8899 1 
3.8999 1 
3.9099 1 
3.9199 1 
3.9299 1 
3.9399 1 
3.9499 1 
3.9599 1 
3.9699 1 
3.9799 1 
3.9899 1 
3.9999 1 
4.0099 1 
4.0199 1 
4.0299 1 
4.0399 1 
4.0499 1 
4.0599 1 
4.0699 1 
4.0799 1 
4.0899 1 
4.0999 1 
4.1099 1 
4.1199 1 
4.1299 1 
4.1399 1 
4.1499 1 
4.1599 1 
4.1699 1 
4.1799 1 
4.1899 1 
4.1999 1 
4.2099 1 
4.2199 1 
4.2299 1 
4.2399 1 
4.2499 1 
4.2599 1 
4.2699 1 
4.2799 1 
4.2899 1 
4.2999 1 
4.3099 1 
4.3199 1 
4.3299 1 
4.3399 1 
4.3499 1 
4.3599 1 
4.3699 1 
4.3799 1 
4.3899 1 
4.3999 1 
4.4099 1 
4.4199 1 
4.4299 1 
4.4399 1 
4.4499 1 
4.4599 1 
4.4699 1 
4.4799 1 
4.4899 1 
4.4999 1 
4.5099 1 
4.5199 1 
4.5299 1 
4.5399 1 
4.5499 1 
4.5599 1 
4.5699 1 
4.5799 1 
4.5899 1 
4.5999 1 
4.6099 1 
4.6199 1 
4.6299 1 
4.6399 1 
4.6499 1 
4.6599 1 
4.6699 1 
4.6799 1 
4.6899 1 
4.6999 1 
4.7099 1 
4.7199 1 
4.7299 1 
4.7399 1 
4.7499 1 
4.7599 1 
4.7699 1 
4.7799 1 
4.7899 1 
4.7999 1 
4.8099 1 
4.8199 1 
4.8299 1 
4.8399 1 
4.8499 1 
4.8599 1 
4.8699 1 
4.8799 1 
4.8899 1 
4.8999 1 
4.9099 1 
4.9199 1 
4.9299 1 
4.9399 1 
4.9499 1 
4.9599 1 
4.9699 1 
4.9799 1 
4.9899 1 
4.9999 1 
