0.01 8 
0.02 8 
0.0299 9 
0.0400 9 
0.0500 9 
0.0600 9 
0.0700 9 
0.0800 9 
0.0899 9 
0.0999 9 
0.1099 9 
0.1199 9 
0.1299 9 
0.1399 9 
0.1499 9 
0.16 15 
0.1700 15 
0.1800 15 
0.1900 16 
0.2000 16 
0.2100 16 
0.2200 16 
0.2300 16 
0.2400 16 
0.2500 16 
0.2600 16 
0.2700 16 
0.2800 15 
0.2900 15 
0.3000 15 
0.3100 15 
0.3200 15 
0.3300 15 
0.3400 17 
0.3500 17 
0.3600 16 
0.3700 15 
0.3800 15 
0.3900 15 
0.4000 15 
0.4100 18 
0.4200 18 
0.4300 18 
0.4400 19 
0.4500 18 
0.4600 17 
0.4700 17 
0.4800 17 
0.4900 16 
0.5000 16 
0.5100 16 
0.5200 16 
0.5300 16 
0.5400 16 
0.5500 17 
0.5600 17 
0.5700 16 
0.5800 15 
0.5900 15 
0.6000 15 
0.6100 15 
0.6200 16 
0.6300 15 
0.6400 15 
0.6500 15 
0.6600 15 
0.6700 17 
0.6800 17 
0.6900 15 
0.7000 15 
0.7100 15 
0.7200 15 
0.7300 16 
0.7400 16 
0.7500 15 
0.7600 15 
0.7700 16 
0.7800 16 
0.7900 16 
0.8000 16 
0.8100 16 
0.8200 15 
0.8300 15 
0.8400 15 
0.8500 15 
0.8600 15 
0.8700 15 
0.8800 15 
0.8900 15 
0.9000 15 
0.9100 15 
0.9200 15 
0.9300 15 
0.9400 15 
0.9500 15 
0.9600 15 
0.9700 16 
0.9800 16 
0.9900 16 
1.0000 16 
1.0100 16 
1.0200 16 
1.0300 16 
1.0400 20 
1.0500 20 
1.0600 20 
1.0700 20 
1.0800 20 
1.0900 20 
1.1000 20 
1.1100 21 
1.1200 20 
1.1300 19 
1.1400 18 
1.1500 17 
1.1600 16 
1.1700 16 
1.1800 16 
1.1900 16 
1.2000 16 
1.2100 16 
1.2200 16 
1.2300 16 
1.2400 16 
1.2500 21 
1.2600 21 
1.2700 21 
1.2800 22 
1.2900 22 
1.3000 22 
1.3100 22 
1.3200 22 
1.3300 22 
1.3400 22 
1.3500 25 
1.3600 25 
1.3700 25 
1.3800 25 
1.3900 24 
1.4000 24 
1.4100 22 
1.4200 22 
1.4300 22 
1.4400 22 
1.4500 24 
1.4600 24 
1.4700 24 
1.4800 24 
1.4900 24 
1.5000 24 
1.5100 24 
1.5200 24 
1.5300 25 
1.5400 22 
1.5500 22 
1.5600 22 
1.5700 22 
1.5800 22 
1.5900 21 
1.6000 21 
1.6100 21 
1.6200 21 
1.6300 19 
1.6400 19 
1.6500 18 
1.6600 17 
1.6700 17 
1.6800 16 
1.6900 15 
1.7000 15 
1.7100 15 
1.7200 15 
1.7300 15 
1.7400 15 
1.7500 15 
1.7600 15 
1.7700 15 
1.7800 15 
1.7900 15 
1.8000 15 
1.8100 15 
1.8200 18 
1.8300 17 
1.8400 17 
1.8500 16 
1.8600 15 
1.8700 15 
1.8800 15 
1.8900 15 
1.9000 15 
1.9100 16 
1.9200 16 
1.9300 16 
1.9400 16 
1.9500 15 
1.9600 15 
1.9700 15 
1.9800 15 
1.9900 15 
2.0000 15 
2.0100 15 
2.0200 16 
2.0300 16 
2.0400 16 
2.0500 16 
2.0600 18 
2.0699 18 
2.0799 18 
2.0899 18 
2.0999 18 
2.1099 18 
2.1199 18 
2.1299 18 
2.1399 18 
2.1499 18 
2.1599 18 
2.1699 18 
2.1799 18 
2.1899 18 
2.1999 18 
2.2099 18 
2.2199 18 
2.2299 18 
2.2399 18 
2.2499 18 
2.2599 34 
2.2699 31 
2.2799 29 
2.2899 29 
2.2999 27 
2.3099 27 
2.3199 27 
2.3299 27 
2.3399 27 
2.3499 27 
2.3599 26 
2.3699 24 
2.3799 24 
2.3899 23 
2.3999 23 
2.4099 22 
2.4199 22 
2.4299 22 
2.4399 22 
2.4499 22 
2.4599 23 
2.4699 23 
2.4799 23 
2.4899 23 
2.4999 23 
2.5099 23 
2.5199 21 
2.5299 21 
2.5399 21 
2.5499 21 
2.5599 21 
2.5699 21 
2.5799 19 
2.5899 18 
2.5999 18 
2.6099 18 
2.6199 18 
2.6299 18 
2.6399 18 
2.6499 18 
2.6599 20 
2.6699 19 
2.6799 19 
2.6899 19 
2.6999 19 
2.7099 19 
2.7199 19 
2.7299 19 
2.7399 19 
2.7499 19 
2.7599 23 
2.7699 23 
2.7799 23 
2.7899 22 
2.7999 21 
2.8099 20 
2.8199 19 
2.8299 19 
2.8399 19 
2.8499 19 
2.8599 19 
2.8699 17 
2.8799 16 
2.8899 16 
2.8999 16 
2.9099 16 
2.9199 16 
2.9299 15 
2.9399 15 
2.9499 17 
2.9599 17 
2.9699 17 
2.9799 17 
2.9899 17 
2.9999 17 
3.0099 17 
3.0199 18 
3.0299 17 
3.0399 17 
3.0499 17 
3.0599 17 
3.0699 17 
3.0799 17 
3.0899 21 
3.0999 19 
3.1099 19 
3.1199 18 
3.1299 17 
3.1399 17 
3.1499 17 
3.1599 18 
3.1699 18 
3.1799 18 
3.1899 18 
3.1999 18 
3.2099 18 
3.2199 18 
3.2299 18 
3.2399 18 
3.2499 18 
3.2599 18 
3.2699 18 
3.2799 18 
3.2899 18 
3.2999 18 
3.3099 17 
3.3199 16 
3.3299 15 
3.3399 15 
3.3499 15 
3.3599 15 
3.3699 15 
3.3799 15 
3.3899 15 
3.3999 17 
3.4099 17 
3.4199 16 
3.4299 15 
3.4399 15 
3.4499 17 
3.4599 17 
3.4699 17 
3.4799 17 
3.4899 17 
3.4999 17 
3.5099 17 
3.5199 17 
3.5299 17 
3.5399 17 
3.5499 17 
3.5599 17 
3.5699 17 
3.5799 17 
3.5899 19 
3.5999 18 
3.6099 17 
3.6199 17 
3.6299 17 
3.6399 17 
3.6499 17 
3.6599 16 
3.6699 16 
3.6799 15 
3.6899 15 
3.6999 15 
3.7099 15 
3.7199 15 
3.7299 15 
3.7399 17 
3.7499 16 
3.7599 15 
3.7699 15 
3.7799 15 
3.7899 15 
3.7999 15 
3.8099 15 
3.8199 17 
3.8299 17 
3.8399 16 
3.8499 16 
3.8599 16 
3.8699 16 
3.8799 16 
3.8899 16 
3.8999 16 
3.9099 16 
3.9199 16 
3.9299 16 
3.9399 15 
3.9499 15 
3.9599 15 
3.9699 15 
3.9799 15 
3.9899 16 
3.9999 16 
4.0099 16 
4.0199 15 
4.0299 15 
4.0399 15 
4.0499 17 
4.0599 17 
4.0699 17 
4.0799 17 
4.0899 17 
4.0999 17 
4.1099 17 
4.1199 21 
4.1299 21 
4.1399 21 
4.1499 21 
4.1599 21 
4.1699 22 
4.1799 20 
4.1899 20 
4.1999 20 
4.2099 19 
4.2199 19 
4.2299 19 
4.2399 18 
4.2499 18 
4.2599 18 
4.2699 18 
4.2799 18 
4.2899 18 
4.2999 17 
4.3099 16 
4.3199 16 
4.3299 16 
4.3399 16 
4.3499 16 
4.3599 15 
4.3699 15 
4.3799 15 
4.3899 15 
4.3999 16 
4.4099 15 
4.4199 15 
4.4299 15 
4.4399 17 
4.4499 16 
4.4599 16 
4.4699 16 
4.4799 16 
4.4899 16 
4.4999 15 
4.5099 15 
4.5199 15 
4.5299 15 
4.5399 16 
4.5499 16 
4.5599 15 
4.5699 15 
4.5799 15 
4.5899 16 
4.5999 16 
4.6099 16 
4.6199 16 
4.6299 16 
4.6399 16 
4.6499 16 
4.6599 15 
4.6699 15 
4.6799 15 
4.6899 15 
4.6999 17 
4.7099 16 
4.7199 15 
4.7299 15 
4.7399 15 
4.7499 15 
4.7599 17 
4.7699 16 
4.7799 16 
4.7899 16 
4.7999 16 
4.8099 19 
4.8199 19 
4.8299 19 
4.8399 19 
4.8499 19 
4.8599 20 
4.8699 19 
4.8799 18 
4.8899 18 
4.8999 18 
4.9099 18 
4.9199 18 
4.9299 19 
4.9399 19 
4.9499 19 
4.9599 19 
4.9699 20 
4.9799 20 
4.9899 19 
4.9999 18 
5.0099 18 
5.0199 18 
5.0299 18 
5.0399 18 
5.0499 18 
5.0599 20 
5.0699 20 
5.0799 20 
5.0899 20 
5.0999 20 
5.1099 20 
5.1199 19 
5.1299 19 
5.1399 19 
5.1499 17 
5.1599 17 
5.1699 17 
5.1799 16 
5.1899 15 
5.1999 15 
5.2099 15 
5.2199 15 
5.2299 16 
5.2399 16 
5.2499 16 
5.2599 16 
5.2699 16 
5.2799 16 
5.2899 17 
5.2999 17 
5.3099 17 
5.3199 18 
5.3299 18 
5.3399 18 
5.3499 18 
5.3599 20 
5.3699 20 
5.3799 20 
5.3899 20 
5.3999 20 
5.4099 20 
5.4199 21 
5.4299 20 
5.4399 20 
5.4499 20 
5.4599 19 
5.4699 19 
5.4799 19 
5.4899 20 
5.4999 20 
5.5099 20 
5.5199 20 
5.5299 20 
5.5399 20 
5.5499 20 
5.5599 20 
5.5699 19 
5.5799 18 
5.5899 18 
5.5999 18 
5.6099 19 
5.6199 18 
5.6299 17 
5.6399 17 
5.6499 17 
5.6599 16 
5.6699 16 
5.6799 16 
5.6899 16 
5.6999 16 
5.7099 16 
5.7199 16 
5.7299 16 
5.7399 15 
5.7499 15 
5.7599 15 
5.7699 15 
5.7799 15 
5.7899 15 
5.7999 15 
5.8099 15 
5.8199 15 
5.8299 16 
5.8399 15 
5.8499 15 
5.8599 15 
5.8699 16 
5.8799 16 
5.8899 16 
5.8999 16 
5.9099 18 
5.9199 17 
5.9299 17 
5.9399 17 
5.9499 18 
5.9599 18 
5.9699 18 
5.9799 18 
5.9899 18 
5.9999 19 
6.0099 18 
6.0199 16 
6.0299 16 
6.0399 16 
6.0499 16 
6.0599 16 
6.0699 16 
6.0799 16 
6.0899 16 
6.0999 16 
6.1099 16 
6.1199 16 
6.1299 16 
6.1399 18 
6.1499 18 
6.1599 17 
6.1699 17 
6.1799 17 
6.1899 17 
6.1999 17 
6.2099 17 
6.2199 17 
6.2299 17 
6.2399 17 
6.2499 16 
6.2599 15 
6.2699 15 
6.2799 16 
6.2899 16 
6.2999 16 
6.3099 16 
6.3199 16 
6.3299 17 
6.3399 17 
6.3499 17 
6.3599 17 
6.3699 17 
6.3799 17 
6.3899 17 
6.3999 17 
6.4099 17 
6.4199 17 
6.4299 17 
6.4399 17 
6.4499 17 
6.4599 15 
6.4699 15 
6.4799 15 
6.4899 15 
6.4999 16 
6.5099 15 
6.5199 15 
6.5299 16 
6.5399 15 
6.5499 15 
6.5599 15 
6.5699 15 
6.5799 15 
6.5899 15 
6.5999 15 
6.6099 15 
6.6199 15 
6.6299 15 
6.6399 15 
6.6499 15 
6.6599 15 
6.6699 15 
6.6799 18 
6.6899 18 
6.6999 17 
6.7099 16 
6.7199 15 
6.7299 15 
6.7399 15 
6.7499 15 
6.7599 17 
6.7699 17 
6.7799 18 
6.7899 18 
6.7999 18 
6.8099 18 
6.8199 18 
6.8299 18 
6.8399 18 
6.8499 20 
6.8599 19 
6.8699 19 
6.8799 19 
6.8899 19 
6.8999 19 
6.9099 21 
6.9199 21 
6.9299 20 
6.9399 18 
6.9499 18 
6.9599 18 
6.9699 18 
6.9799 18 
6.9899 19 
6.9999 19 
7.0099 20 
7.0199 20 
7.0299 20 
7.0399 20 
7.0499 20 
7.0599 20 
7.0699 20 
7.0799 20 
7.0899 20 
7.0999 20 
7.1099 20 
7.1199 20 
7.1299 20 
7.1399 20 
7.1499 20 
7.1599 20 
7.1699 20 
7.1799 20 
7.1899 20 
7.1999 21 
7.2099 21 
7.2199 21 
7.2299 21 
7.2399 21 
7.2499 24 
7.2599 22 
7.2699 22 
7.2799 22 
7.2899 23 
7.2999 23 
7.3099 23 
7.3199 23 
7.3299 23 
7.3399 23 
7.3499 23 
7.3599 23 
7.3699 23 
7.3799 23 
7.3899 23 
7.3999 28 
7.4099 26 
7.4199 26 
7.4299 25 
7.4399 25 
7.4499 25 
7.4599 25 
7.4699 25 
7.4799 25 
7.4899 23 
7.4999 23 
7.5099 23 
7.5199 23 
7.5299 22 
7.5399 22 
7.5499 22 
7.5599 21 
7.5699 21 
7.5799 21 
7.5899 21 
7.5999 21 
7.6099 21 
7.6199 21 
7.6299 21 
7.6399 21 
7.6499 21 
7.6599 24 
7.6699 24 
7.6799 24 
7.6899 22 
7.6999 21 
7.7099 21 
7.7199 20 
7.7299 19 
7.7399 19 
7.7499 19 
7.7599 19 
7.7699 19 
7.7799 18 
7.7899 17 
7.7999 15 
7.8099 15 
7.8199 15 
7.8299 15 
7.8399 16 
7.8499 15 
7.8599 15 
7.8699 15 
7.8799 17 
7.8899 17 
7.8999 17 
7.9099 17 
7.9199 17 
7.9299 16 
7.9399 15 
7.9499 15 
7.9599 15 
7.9699 16 
7.9799 16 
7.9899 16 
7.9999 16 
8.0099 16 
8.0199 16 
8.0299 16 
8.0399 16 
8.0499 18 
8.0599 17 
8.0699 16 
8.0799 16 
8.0899 16 
8.0999 16 
8.1099 16 
8.1199 17 
8.1299 16 
8.1399 16 
8.1499 16 
8.1599 16 
8.1699 15 
8.1799 15 
8.1899 15 
8.1999 15 
8.2099 15 
8.2199 15 
8.2299 16 
8.2399 16 
8.2499 16 
8.2599 18 
8.2699 18 
8.2799 18 
8.2899 18 
8.2999 18 
8.3099 19 
8.3199 19 
8.3299 19 
8.3399 18 
8.3499 18 
8.3599 18 
8.3699 18 
8.3799 18 
8.3899 18 
8.3999 18 
8.4099 18 
8.4199 17 
8.4299 16 
8.4399 15 
8.4499 15 
8.4599 15 
8.4699 15 
8.4799 15 
8.4899 15 
8.4999 15 
8.5099 15 
8.5199 15 
8.5299 15 
8.5399 16 
8.5499 16 
8.5599 16 
8.5699 16 
8.5799 16 
8.5899 16 
8.5999 16 
8.6099 16 
8.6199 16 
8.6299 23 
8.6399 23 
8.6499 23 
8.6599 23 
8.6699 23 
8.6799 24 
8.6899 24 
8.6999 24 
8.7099 24 
8.7199 24 
8.7299 24 
8.7399 25 
8.7499 23 
8.7599 22 
8.7699 20 
8.7799 20 
8.7899 20 
8.7999 20 
8.8099 20 
8.8199 19 
8.8299 18 
8.8399 18 
8.8499 18 
8.8599 18 
8.8699 18 
8.8799 18 
8.8899 18 
8.8999 18 
8.9099 19 
8.9199 18 
8.9299 18 
8.9399 18 
8.9499 18 
8.9599 18 
8.9699 18 
8.9799 18 
8.9899 18 
8.9999 18 
9.0099 18 
9.0199 18 
9.0299 18 
9.0399 18 
9.0499 19 
9.0599 17 
9.0699 17 
9.0799 17 
9.0899 17 
9.0999 17 
9.1099 18 
9.1199 17 
9.1299 17 
9.1399 16 
9.1499 16 
9.1599 16 
9.1699 16 
9.1799 16 
9.1899 17 
9.1999 15 
9.2099 15 
9.2199 15 
9.2299 15 
9.2399 15 
9.2499 15 
9.2599 15 
9.2699 16 
9.2799 16 
9.2899 15 
9.2999 16 
9.3099 15 
9.3199 15 
9.3299 16 
9.3399 16 
9.3499 16 
9.3599 16 
9.3699 16 
9.3799 16 
9.3899 16 
9.3999 16 
9.4099 16 
9.4199 15 
9.4299 15 
9.4399 15 
9.4499 17 
9.4599 16 
9.4699 15 
9.4799 15 
9.4899 15 
9.4999 15 
9.5099 15 
9.5199 17 
9.5299 17 
9.5399 17 
9.5499 17 
9.5599 17 
9.5699 17 
9.5799 17 
9.5899 17 
9.5999 19 
9.6099 18 
9.6199 18 
9.6299 17 
9.6399 17 
9.6499 16 
9.6599 16 
9.6699 16 
9.6799 15 
9.6899 15 
9.6999 16 
9.7099 16 
9.7199 16 
9.7299 16 
9.7399 16 
9.7499 16 
9.7599 16 
9.7699 16 
9.7799 18 
9.7899 18 
9.7999 16 
9.8099 15 
9.8199 15 
9.8299 15 
9.8399 15 
9.8499 15 
9.8599 17 
9.8699 17 
9.8799 17 
9.8899 16 
9.8999 16 
9.9099 16 
9.9199 16 
9.9299 16 
9.9399 16 
9.9499 15 
9.9599 15 
9.9699 15 
9.9799 15 
9.9899 15 
9.9999 15 
