0.01 8 
0.02 16 
0.0299 20.29 
0.0400 21.26 
0.0500 10 
0.0600 10 
0.0700 10.95 
0.0800 3.413 
0.0899 6.504 
0.0999 10.80 
0.1099 9.474 
0.1199 7.194 
0.1299 11.49 
0.1399 14.22 
0.1499 8.819 
0.16 8.308 
0.1700 4.617 
0.1800 4.142 
0.1900 2.191 
0.2000 4.647 
0.2100 6.475 
0.2200 8.257 
0.2300 8.257 
0.2400 8.257 
0.2500 8.257 
0.2600 8.257 
0.2700 8.257 
0.2800 9.180 
0.2900 5.583 
0.3000 10.08 
0.3100 11.03 
0.3200 11.03 
0.3300 5.698 
0.3400 8.175 
0.3500 13.01 
0.3600 16.72 
0.3700 9.592 
0.3800 12.97 
0.3900 7.629 
0.4000 4.754 
0.4100 8.317 
0.4200 8.555 
0.4300 9.450 
0.4400 11.29 
0.4500 12.22 
0.4600 6.588 
0.4700 6.588 
0.4800 6.588 
0.4900 7.452 
0.5000 7.452 
0.5100 7.452 
0.5200 8.345 
0.5300 4.842 
0.5400 6.460 
0.5500 5.299 
0.5600 1.744 
0.5700 8.407 
0.5800 10.24 
0.5900 11.17 
0.6000 13.15 
0.6100 13.15 
0.6200 14.11 
0.6300 14.11 
0.6400 15.00 
0.6500 7.799 
0.6600 11.00 
0.6700 6.108 
0.6800 6.108 
0.6900 5.010 
0.7000 7.584 
0.7100 9.366 
0.7200 9.366 
0.7300 9.366 
0.7400 9.366 
0.7500 11.22 
0.7600 12.16 
0.7700 13.11 
0.7800 14.07 
0.7900 14.07 
0.8000 15.75 
0.8100 15.75 
0.8200 16.56 
0.8300 16.56 
0.8400 16.56 
0.8500 16.56 
0.8600 16.56 
0.8700 16.56 
0.8800 16.56 
0.8900 16.56 
0.9000 9.202 
0.9100 2.300 
0.9200 5.112 
0.9300 7.781 
0.9400 9.838 
0.9500 5.894 
0.9600 5.894 
0.9700 7.549 
0.9800 4.669 
0.9900 6.171 
1.0000 11.60 
1.0100 3.818 
1.0200 8.083 
1.0300 7.810 
1.0400 10.92 
1.0500 8.499 
1.0600 6.394 
1.0700 4.724 
1.0800 7.401 
1.0900 10.34 
1.1000 5.368 
1.1100 6.860 
1.1200 4.100 
1.1300 4.190 
1.1400 5.440 
1.1500 4.686 
1.1600 6.014 
1.1700 8.633 
1.1800 5.718 
1.1900 10.83 
1.2000 6.598 
1.2100 5.579 
1.2200 9.145 
1.2300 11.74 
1.2400 13.56 
1.2500 16.97 
1.2600 19.03 
1.2700 10 
1.2800 13.27 
1.2900 4.523 
1.3000 8.311 
1.3100 3.002 
1.3200 4.677 
1.3300 9.085 
1.3400 12.28 
1.3500 7.375 
1.3600 5.130 
1.3700 2.756 
1.3800 3.119 
1.3900 5.506 
1.4000 5.506 
1.4100 6.361 
1.4200 6.361 
1.4300 6.361 
1.4400 6.361 
1.4500 6.361 
1.4600 6.361 
1.4700 6.361 
1.4800 6.361 
1.4900 6.361 
1.5000 6.361 
1.5100 6.361 
1.5200 6.361 
1.5300 6.361 
1.5400 6.361 
1.5500 7.252 
1.5600 6.838 
1.5700 9.438 
1.5800 8.169 
1.5900 3.428 
1.6000 3.428 
1.6100 3.428 
1.6200 3.428 
1.6300 3.428 
1.6400 3.428 
1.6500 3.428 
1.6600 3.428 
1.6700 3.428 
1.6800 3.428 
1.6900 3.428 
1.7000 3.428 
1.7100 3.428 
1.7200 3.428 
1.7300 3.428 
1.7400 3.428 
1.7500 3.428 
1.7600 3.428 
1.7700 3.428 
1.7800 3.428 
1.7900 1 
1.8000 3.553 
1.8100 6.728 
1.8200 3.511 
1.8300 7.002 
1.8400 8.790 
1.8500 13.32 
1.8600 16.67 
1.8700 9.830 
1.8800 10.98 
1.8900 12.76 
1.9000 6.613 
1.9100 10.20 
1.9200 11.76 
1.9300 12.50 
1.9400 13.65 
1.9500 16.20 
1.9600 18.13 
1.9700 9.549 
1.9800 5.954 
1.9900 8.708 
2.0000 10.48 
2.0100 12.00 
2.0200 12.97 
2.0300 14.64 
2.0400 14.64 
2.0500 14.64 
2.0600 14.97 
2.0699 14.97 
2.0799 14.97 
2.0899 14.97 
2.0999 8.283 
2.1099 6.509 
2.1199 5.328 
2.1299 3.283 
2.1399 8.470 
2.1499 11.31 
2.1599 11.31 
2.1699 11.49 
2.1799 13.34 
2.1899 15.24 
2.1999 9.144 
2.2099 11.03 
2.2199 6.782 
2.2299 6.782 
2.2399 6.782 
2.2499 6.782 
2.2599 6.782 
2.2699 6.782 
2.2799 6.782 
2.2899 6.782 
2.2999 6.782 
2.3099 6.782 
2.3199 6.782 
2.3299 6.782 
2.3399 6.782 
2.3499 7.623 
2.3599 10.31 
2.3699 7.575 
2.3799 7.061 
2.3899 11.41 
2.3999 13.20 
2.4099 14.16 
2.4199 14.16 
2.4299 14.16 
2.4399 7.116 
2.4499 4.607 
2.4599 4.824 
2.4699 7.327 
2.4799 8.234 
2.4899 10.10 
2.4999 6.007 
2.5099 6.007 
2.5199 6.007 
2.5299 6.007 
2.5399 6.007 
2.5499 6.007 
2.5599 6.007 
2.5699 6.007 
2.5799 6.007 
2.5899 6.007 
2.5999 6.007 
2.6099 6.007 
2.6199 6.007 
2.6299 7.768 
2.6399 8.629 
2.6499 8.629 
2.6599 8.629 
2.6699 8.629 
2.6799 8.629 
2.6899 8.629 
2.6999 8.629 
2.7099 8.629 
2.7199 8.629 
2.7299 8.629 
2.7399 8.629 
2.7499 8.629 
2.7599 8.629 
2.7699 8.629 
2.7799 8.629 
2.7899 8.629 
2.7999 8.629 
2.8099 8.629 
2.8199 8.629 
2.8299 8.629 
2.8399 1 
2.8499 1 
2.8599 1 
2.8699 1 
2.8799 8.647 
2.8899 9.533 
2.8999 10.43 
2.9099 14.18 
2.9199 14.18 
2.9299 15.14 
2.9399 15.14 
2.9499 15.14 
2.9599 15.14 
2.9699 15.14 
2.9799 15.14 
2.9899 15.14 
2.9999 15.14 
3.0099 15.14 
3.0199 15.14 
3.0299 15.14 
3.0399 15.14 
3.0499 15.14 
3.0599 15.14 
3.0699 15.14 
3.0799 15.60 
3.0899 17.47 
3.0999 17.47 
3.1099 17.53 
3.1199 6.331 
3.1299 6.331 
3.1399 9.406 
3.1499 9.617 
3.1599 10.51 
3.1699 12.68 
3.1799 12.68 
3.1899 12.68 
3.1999 12.68 
3.2099 6.686 
3.2199 7.929 
3.2299 8.773 
3.2399 8.773 
3.2499 8.773 
3.2599 9.647 
3.2699 11.45 
3.2799 11.45 
3.2899 12.38 
3.2999 9.282 
3.3099 3.400 
3.3199 6.340 
3.3299 6.340 
3.3399 8.975 
3.3499 9.830 
3.3599 10.71 
3.3699 10.71 
3.3799 10.71 
3.3899 10.71 
3.3999 5.629 
3.4099 6.468 
3.4199 9.912 
3.4299 5.883 
3.4399 6.688 
3.4499 9.956 
3.4599 11.71 
3.4699 6.351 
3.4799 7.228 
3.4899 6.280 
3.4999 2.630 
3.5099 3.789 
3.5199 9.013 
3.5299 11.72 
3.5399 6.155 
3.5499 6.155 
3.5599 4.128 
3.5699 2.064 
3.5799 2.274 
3.5899 3.082 
3.5999 7.237 
3.6099 8.634 
3.6199 10.42 
3.6299 11.08 
3.6399 12.99 
3.6499 13.89 
3.6599 13.89 
3.6699 15.26 
3.6799 16.22 
3.6899 16.22 
3.6999 16.22 
3.7099 16.22 
3.7199 16.22 
3.7299 8.173 
3.7399 8.173 
3.7499 8.295 
3.7599 5.650 
3.7699 4.956 
