0.01 16 
0.02 9.5 
0.0299 9.5 
0.0400 9.5 
0.0500 9.5 
0.0600 9.5 
0.0700 9.5 
0.0800 9.5 
0.0899 9.5 
0.0999 9.5 
0.1099 9.5 
0.1199 9.5 
0.1299 9.5 
0.1399 9.5 
0.1499 9.5 
0.16 9.5 
0.1700 9.5 
0.1800 9.5 
0.1900 9.5 
0.2000 9.5 
0.2100 9.5 
0.2200 4.920 
0.2300 8.411 
0.2400 11.18 
0.2500 15.01 
0.2600 16.89 
0.2700 9.348 
0.2800 5.327 
0.2900 7.396 
0.3000 11.27 
0.3100 5.637 
0.3200 5.637 
0.3300 5.637 
0.3400 5.637 
0.3500 5.637 
0.3600 5.637 
0.3700 5.637 
0.3800 5.637 
0.3900 5.637 
0.4000 5.637 
0.4100 5.637 
0.4200 5.637 
0.4300 5.637 
0.4400 5.637 
0.4500 5.637 
0.4600 5.637 
0.4700 5.637 
0.4800 5.637 
0.4900 5.637 
0.5000 5.637 
0.5100 4.339 
0.5200 8.806 
0.5300 5.246 
0.5400 8.834 
0.5500 12.42 
0.5600 15.25 
0.5700 18.07 
0.5800 10.76 
0.5900 14.42 
0.6000 17.27 
0.6100 10.03 
0.6200 12.76 
0.6300 7.799 
0.6400 11.36 
0.6500 14.19 
0.6600 3.686 
0.6700 6.174 
0.6800 9.827 
0.6900 13.45 
0.7000 16.28 
0.7100 18.14 
0.7200 20.67 
0.7300 10 
0.7400 12.33 
0.7500 16.13 
0.7600 18.34 
0.7700 10.40 
0.7800 6.425 
0.7900 11.03 
0.8000 6.122 
0.8100 6.122 
0.8200 6.122 
0.8300 6.122 
0.8400 6.122 
0.8500 6.122 
0.8600 6.122 
0.8700 6.122 
0.8800 6.122 
0.8900 6.122 
0.9000 6.122 
0.9100 6.122 
0.9200 6.122 
0.9300 6.122 
0.9400 6.122 
0.9500 6.122 
0.9600 6.122 
0.9700 6.122 
0.9800 6.122 
0.9900 6.122 
1.0000 2 
1.0100 6.143 
1.0200 9.601 
1.0300 13.28 
1.0400 16.14 
1.0500 9.011 
1.0600 4.561 
1.0700 4.561 
1.0800 4.561 
1.0900 4.561 
1.1000 4.561 
1.1100 4.561 
1.1200 4.561 
1.1300 4.561 
1.1400 4.561 
1.1500 4.561 
1.1600 4.561 
1.1700 4.561 
1.1800 4.561 
1.1900 4.561 
1.2000 4.561 
1.2100 4.561 
1.2200 4.561 
1.2300 4.561 
1.2400 4.561 
1.2500 4.561 
1.2600 2 
1.2700 6.261 
1.2800 9.983 
1.2900 13.56 
1.3000 16.37 
1.3100 19.13 
1.3200 20.05 
1.3300 21.59 
1.3400 11.83 
1.3500 14.57 
1.3600 17.39 
1.3700 19.20 
1.3800 21.69 
1.3900 23.12 
1.4000 10.49 
1.4100 14.22 
1.4200 17.10 
1.4300 9.008 
1.4400 4.614 
1.4500 4.614 
1.4600 4.614 
1.4700 4.614 
1.4800 4.614 
1.4900 4.614 
1.5000 4.614 
1.5100 4.614 
1.5200 4.614 
1.5300 4.614 
1.5400 4.614 
1.5500 4.614 
1.5600 4.614 
1.5700 4.614 
1.5800 4.614 
1.5900 4.614 
1.6000 4.614 
1.6100 4.614 
1.6200 4.614 
1.6300 4.614 
1.6400 3.553 
1.6500 7.165 
1.6600 10.85 
1.6700 13.56 
1.6800 16.37 
1.6900 17.44 
1.7000 9.595 
1.7100 12.34 
1.7200 15.18 
1.7300 18.07 
1.7400 20.02 
1.7500 10 
1.7600 12.57 
1.7700 15.31 
1.7800 18.12 
1.7900 19.76 
1.8000 21.37 
1.8100 11.83 
1.8200 14.57 
1.8300 17.39 
1.8400 19.30 
1.8500 20.94 
1.8600 10.95 
1.8700 14.57 
1.8800 17.39 
1.8900 9.146 
1.9000 9.146 
1.9100 9.146 
1.9200 9.146 
1.9300 9.146 
1.9400 9.146 
1.9500 9.146 
1.9600 9.146 
1.9700 9.146 
1.9800 9.146 
1.9900 9.146 
2.0000 9.146 
2.0100 9.146 
2.0200 9.146 
2.0300 9.146 
2.0400 9.146 
2.0500 9.146 
2.0600 9.146 
2.0699 9.146 
2.0799 9.146 
2.0899 1 
2.0999 6.361 
2.1099 10.04 
2.1199 13.75 
2.1299 16.53 
2.1399 9.186 
2.1499 11.85 
2.1599 15.52 
2.1699 17.40 
2.1799 19.21 
2.1899 10 
2.1999 13.64 
2.2099 15.50 
2.2199 18.34 
2.2299 9.600 
2.2399 12.34 
2.2499 16.14 
2.2599 18.02 
2.2699 9.011 
2.2799 9.011 
2.2899 9.011 
2.2999 9.011 
2.3099 9.011 
2.3199 9.011 
2.3299 9.011 
2.3399 9.011 
2.3499 9.011 
2.3599 9.011 
2.3699 9.011 
2.3799 9.011 
2.3899 9.011 
2.3999 9.011 
2.4099 9.011 
2.4199 9.011 
2.4299 9.011 
2.4399 9.011 
2.4499 9.011 
2.4599 9.011 
2.4699 5.688 
2.4799 10.04 
2.4899 5.811 
2.4999 8.374 
2.5099 11.93 
2.5199 14.65 
2.5299 17.46 
2.5399 9.630 
2.5499 12.28 
2.5599 15.00 
2.5699 17.81 
2.5799 9.346 
2.5899 12.14 
2.5999 15.02 
2.6099 8.661 
2.6199 12.30 
2.6299 15.15 
2.6399 17.31 
2.6499 19.12 
2.6599 11.38 
2.6699 14.20 
2.6799 17.08 
2.6899 8.775 
2.6999 11.36 
2.7099 15.15 
2.7199 17.99 
2.7299 8.996 
2.7399 8.996 
2.7499 8.996 
2.7599 8.996 
2.7699 8.996 
2.7799 8.996 
2.7899 8.996 
2.7999 8.996 
2.8099 8.996 
2.8199 8.996 
2.8299 8.996 
2.8399 8.996 
2.8499 8.996 
2.8599 8.996 
2.8699 8.996 
2.8799 8.996 
2.8899 8.996 
2.8999 8.996 
2.9099 8.996 
2.9199 8.996 
2.9299 4.920 
2.9399 9.211 
2.9499 5.500 
2.9599 9.316 
2.9699 13.08 
2.9799 15.00 
2.9899 17.81 
2.9999 9.347 
3.0099 12.15 
3.0199 15.99 
3.0299 18.71 
3.0399 10.84 
3.0499 13.56 
3.0599 17.32 
3.0699 19.13 
3.0799 12.23 
3.0899 6.241 
3.0999 6.241 
3.1099 6.241 
3.1199 6.241 
3.1299 6.241 
3.1399 6.241 
3.1499 6.241 
3.1599 6.241 
3.1699 6.241 
3.1799 6.241 
3.1899 6.241 
3.1999 6.241 
3.2099 6.241 
3.2199 6.241 
3.2299 6.241 
3.2399 6.241 
3.2499 6.241 
3.2599 6.241 
3.2699 6.241 
3.2799 6.241 
3.2899 3.333 
3.2999 7.204 
3.3099 11.84 
3.3199 14.58 
3.3299 7.821 
3.3399 7.821 
3.3499 7.821 
3.3599 7.821 
3.3699 7.821 
3.3799 7.821 
3.3899 7.821 
3.3999 7.821 
3.4099 7.821 
3.4199 7.821 
3.4299 7.821 
3.4399 7.821 
3.4499 7.821 
3.4599 7.821 
3.4699 7.821 
3.4799 7.821 
3.4899 7.821 
3.4999 7.821 
3.5099 7.821 
3.5199 7.821 
3.5299 2 
3.5399 6.306 
3.5499 10.96 
3.5599 12.90 
3.5699 9.272 
3.5799 5.480 
3.5899 9.085 
3.5999 5.212 
3.6099 9.151 
3.6199 6.013 
3.6299 10.42 
3.6399 14.17 
3.6499 16.16 
3.6599 8.080 
3.6699 8.080 
3.6799 8.080 
3.6899 8.080 
3.6999 8.080 
3.7099 8.080 
3.7199 8.080 
3.7299 8.080 
3.7399 8.080 
3.7499 8.080 
3.7599 8.080 
3.7699 8.080 
3.7799 8.080 
3.7899 8.080 
3.7999 8.080 
3.8099 8.080 
3.8199 8.080 
3.8299 8.080 
3.8399 8.080 
3.8499 8.080 
3.8599 4 
3.8699 3.894 
3.8799 7.055 
3.8899 10.59 
3.8999 14.29 
3.9099 7.883 
3.9199 10.50 
3.9299 13.29 
3.9399 16.15 
3.9499 18.08 
3.9599 10.38 
3.9699 13.19 
3.9799 16.07 
3.9899 18.82 
3.9999 9.466 
4.0099 9.466 
4.0199 9.466 
4.0299 9.466 
4.0399 9.466 
4.0499 9.466 
4.0599 9.466 
4.0699 9.466 
4.0799 9.466 
4.0899 9.466 
4.0999 9.466 
4.1099 9.466 
4.1199 9.466 
4.1299 9.466 
4.1399 9.466 
4.1499 9.466 
4.1599 9.466 
4.1699 9.466 
4.1799 9.466 
4.1899 9.466 
4.1999 4 
4.2099 8.168 
4.2199 11.96 
4.2299 15.60 
4.2399 18.42 
4.2499 9.638 
4.2599 12.37 
4.2699 16.16 
4.2799 18.09 
4.2899 10.39 
4.2999 14.15 
4.3099 17.04 
4.3199 10.03 
4.3299 13.67 
4.3399 16.46 
4.3499 17.81 
4.3599 20.03 
4.3699 10 
4.3799 7.577 
4.3899 11.21 
4.3999 6.782 
4.4099 8.616 
4.4199 11.33 
4.4299 15.12 
4.4399 7.759 
4.4499 7.759 
4.4599 7.759 
4.4699 7.759 
4.4799 7.759 
4.4899 7.759 
4.4999 7.759 
4.5099 7.759 
4.5199 7.759 
4.5299 7.759 
4.5399 7.759 
4.5499 7.759 
4.5599 7.759 
4.5699 7.759 
4.5799 7.759 
4.5899 7.759 
4.5999 7.759 
4.6099 7.759 
4.6199 7.759 
4.6299 7.759 
4.6399 3.333 
4.6499 7.204 
4.6599 6.160 
4.6699 9.819 
4.6799 13.44 
4.6899 16.27 
4.6999 19.00 
4.7099 9.913 
4.7199 9.913 
4.7299 9.913 
4.7399 9.913 
4.7499 9.913 
4.7599 9.913 
4.7699 9.913 
4.7799 9.913 
4.7899 9.913 
4.7999 9.913 
4.8099 9.913 
4.8199 9.913 
4.8299 9.913 
4.8399 9.913 
4.8499 9.913 
4.8599 9.913 
4.8699 9.913 
4.8799 9.913 
4.8899 9.913 
4.8999 9.913 
4.9099 2 
4.9199 7.253 
4.9299 11.96 
4.9399 14.67 
4.9499 17.47 
4.9599 19.22 
4.9699 10.60 
4.9799 14.31 
4.9899 16.21 
4.9999 19.10 
