0.01 9.37599 
0.02 16.5599 
0.0299 16.9759 
0.0400 19.0919 
0.0500 15.6128 
0.0600 15.696 
0.0700 15.7554 
0.0800 13.7860 
0.0899 12.2542 
0.0999 11.0288 
0.1099 10.0261 
0.1199 9.19066 
0.1299 8.48369 
0.1399 7.87771 
0.1499 7.35253 
0.16 6.89300 
0.1700 7.13599 
0.1800 7.11644 
0.1900 7.63452 
0.2000 8.01599 
0.2100 7.95733 
0.2200 7.59563 
0.2300 7.26539 
0.2400 6.96266 
0.2500 6.68415 
0.2600 6.42707 
0.2700 6.18903 
0.2800 5.96799 
0.2900 5.76220 
0.3000 5.57013 
0.3100 5.39045 
0.3200 5.22199 
0.3300 5.06375 
0.3400 4.91482 
0.3500 4.77439 
0.3600 4.64177 
0.3700 4.51632 
0.3800 4.39747 
0.3900 4.28471 
0.4000 4.17759 
0.4100 4.07570 
0.4200 3.97866 
0.4300 3.88613 
0.4400 3.79781 
0.4500 3.71342 
0.4600 3.63269 
0.4700 3.55540 
0.4800 3.48133 
0.4900 3.41028 
0.5000 3.34207 
0.5100 3.27654 
0.5200 3.21353 
0.5300 3.15290 
0.5400 3.09451 
0.5500 3.03825 
0.5600 2.98399 
0.5700 2.93164 
0.5800 2.88110 
0.5900 2.83227 
0.6000 2.78506 
0.6100 2.73940 
0.6200 2.69522 
0.6300 2.65244 
0.6400 2.61099 
0.6500 2.57083 
0.6600 2.53187 
0.6700 2.49408 
0.6800 2.45741 
0.6900 2.42179 
0.7000 2.38719 
0.7100 2.35357 
0.7200 2.32088 
0.7300 2.28909 
0.7400 2.25816 
0.7500 2.22805 
0.7600 2.19873 
0.7700 2.17018 
0.7800 2.14235 
0.7900 2.11524 
0.8000 2.08879 
0.8100 2.06301 
0.8200 2.03785 
0.8300 2.01330 
0.8400 1.98933 
0.8500 1.96592 
0.8600 1.94306 
0.8700 1.92073 
0.8800 1.89890 
0.8900 1.87757 
0.9000 1.85671 
0.9100 1.83630 
0.9200 1.81634 
0.9300 1.79681 
0.9400 1.77770 
0.9500 1.75898 
0.9600 1.74066 
0.9700 1.72272 
0.9800 1.70514 
0.9900 1.68791 
1.0000 1.67103 
1.0100 1.65449 
1.0200 1.63827 
1.0300 1.62236 
1.0400 1.60676 
1.0500 1.59146 
1.0600 1.57645 
1.0700 1.56171 
1.0800 1.54725 
1.0900 1.53306 
1.1000 1.51912 
1.1100 1.50544 
1.1200 1.49199 
1.1300 1.47879 
1.1400 1.46582 
1.1500 1.45307 
1.1600 1.44055 
1.1700 1.42823 
1.1800 1.41613 
1.1900 1.40423 
1.2000 1.39253 
1.2100 1.38102 
1.2200 1.36970 
1.2300 1.35856 
1.2400 1.34761 
1.2500 1.33683 
1.2600 1.32622 
1.2700 1.31577 
1.2800 1.30549 
1.2900 1.29537 
1.3000 1.28541 
1.3100 1.27560 
1.3200 1.26593 
1.3300 1.25642 
1.3400 1.24704 
1.3500 1.23780 
1.3600 1.22870 
1.3700 1.21973 
1.3800 1.21089 
1.3900 1.20218 
1.4000 1.19359 
1.4100 1.18513 
1.4200 1.17678 
1.4300 1.16855 
1.4400 1.16044 
1.4500 1.15244 
1.4600 1.14454 
1.4700 1.13676 
1.4800 1.12908 
1.4900 1.12150 
1.5000 1.11402 
1.5100 1.10664 
1.5200 1.09936 
1.5300 1.09218 
1.5400 1.08509 
1.5500 1.07809 
1.5600 1.07117 
1.5700 1.06435 
1.5800 1.05762 
1.5900 1.05096 
1.6000 1.04439 
1.6100 1.12218 
1.6200 1.23041 
1.6300 1.33212 
1.6400 1.50497 
1.6500 1.70656 
1.6600 1.94660 
1.6700 2.06189 
1.6800 2.20609 
1.6900 2.43891 
1.7000 2.56922 
1.7100 2.74264 
1.7200 2.92390 
1.7300 3.04915 
1.7400 3.21195 
1.7500 3.40196 
1.7600 3.56572 
1.7700 3.76596 
1.7800 3.96395 
1.7900 4.25921 
1.8000 4.30622 
1.8100 4.40892 
1.8200 4.55243 
1.8300 4.52756 
1.8400 4.54904 
1.8500 4.53820 
1.8600 4.51380 
1.8700 4.49873 
1.8800 4.65974 
1.8900 4.67098 
1.9000 4.71334 
1.9100 4.75082 
1.9200 4.86741 
1.9300 4.93446 
1.9400 4.93525 
1.9500 4.94908 
1.9600 4.97575 
1.9700 5.00645 
1.9800 4.98117 
1.9900 5.03284 
2.0000 5.05007 
2.0100 5.09667 
2.0200 5.14281 
2.0300 5.17178 
2.0400 5.35843 
2.0500 5.56394 
2.0600 5.60279 
2.0699 5.73959 
2.0799 5.92807 
2.0899 6.00520 
2.0999 6.03314 
2.1099 6.00454 
2.1199 5.97622 
2.1299 5.94816 
2.1399 5.92037 
2.1499 5.89283 
2.1599 5.86555 
2.1699 5.83852 
2.1799 5.81174 
2.1899 5.78520 
2.1999 5.75890 
2.2099 5.73285 
2.2199 5.70702 
2.2299 5.68143 
2.2399 5.65607 
2.2499 5.63093 
2.2599 5.60601 
2.2699 5.58132 
2.2799 5.55684 
2.2899 5.53257 
2.2999 5.56751 
2.3099 5.68658 
2.3199 5.75710 
2.3299 5.92164 
2.3399 6.04129 
2.3499 6.10941 
2.3599 6.11586 
2.3699 6.09005 
2.3799 6.06447 
2.3899 6.03909 
2.3999 6.03513 
2.4099 6.05583 
2.4199 6.21652 
2.4299 6.27120 
2.4399 6.32891 
2.4499 6.38615 
2.4599 6.46016 
2.4699 6.45804 
2.4799 6.54483 
2.4899 6.59007 
2.4999 6.56371 
2.5099 6.53756 
2.5199 6.51161 
2.5299 6.48588 
2.5399 6.46034 
2.5499 6.43501 
2.5599 6.40987 
2.5699 6.38493 
2.5799 6.36018 
2.5899 6.33562 
2.5999 6.31126 
2.6099 6.28708 
2.6199 6.26308 
2.6299 6.23926 
2.6399 6.21563 
2.6499 6.19218 
2.6599 6.16890 
2.6699 6.14579 
2.6799 6.12286 
2.6899 6.10640 
2.6999 6.16859 
2.7099 6.23031 
2.7199 6.26976 
2.7299 6.32756 
2.7399 6.39421 
2.7499 6.44497 
2.7599 6.51072 
2.7699 6.61885 
2.7799 6.71401 
2.7899 6.83280 
2.7999 7.01131 
2.8099 7.07387 
2.8199 7.11795 
2.8299 7.19768 
2.8399 7.30073 
2.8499 7.44769 
2.8599 7.54914 
2.8699 7.64989 
2.8799 7.62922 
2.8899 7.68204 
2.8999 7.65555 
2.9099 7.62925 
2.9199 7.60312 
2.9299 7.57717 
2.9399 7.55140 
2.9499 7.52580 
2.9599 7.50037 
2.9699 7.47512 
2.9799 7.45004 
2.9899 7.42512 
2.9999 7.40037 
3.0099 7.37578 
3.0199 7.35136 
3.0299 7.32710 
3.0399 7.30300 
3.0499 7.27905 
3.0599 7.25526 
3.0699 7.23163 
3.0799 7.20815 
3.0899 7.18482 
3.0999 7.18627 
3.1099 7.20406 
3.1199 7.20543 
3.1299 7.32058 
3.1399 7.29997 
3.1499 7.35756 
3.1599 7.36111 
3.1699 7.36999 
3.1799 7.41615 
3.1899 7.46201 
3.1999 7.55265 
3.2099 7.58988 
3.2199 7.58737 
3.2299 7.61902 
3.2399 7.70804 
3.2499 7.76000 
3.2599 7.79602 
3.2699 7.81626 
3.2799 7.84156 
3.2899 7.89762 
3.2999 7.87883 
3.3099 7.85503 
3.3199 7.84159 
3.3299 7.91481 
3.3399 7.96220 
3.3499 8.02197 
3.3599 8.02585 
3.3699 8.13289 
3.3799 8.22172 
3.3899 8.30753 
3.3999 8.38037 
3.4099 8.40553 
3.4199 8.42063 
3.4299 8.42574 
3.4399 8.46041 
3.4499 8.43589 
3.4599 8.48504 
3.4699 8.49724 
3.4799 8.47282 
3.4899 8.44855 
3.4999 8.42441 
3.5099 8.40041 
3.5199 8.37654 
3.5299 8.38404 
3.5399 8.41545 
3.5499 8.49924 
3.5599 8.52062 
3.5699 8.52289 
3.5799 8.56303 
3.5899 8.62422 
3.5999 8.64031 
3.6099 8.63281 
3.6199 8.70501 
3.6299 8.73242 
3.6399 8.77832 
3.6499 8.75892 
3.6599 8.81840 
3.6699 8.81517 
3.6799 8.79121 
3.6899 8.78347 
3.6999 8.75974 
3.7099 8.73612 
3.7199 8.71264 
3.7299 8.68928 
3.7399 8.66605 
3.7499 8.64294 
3.7599 8.61995 
3.7699 8.59709 
