0.01 1.744 
0.02 0.872 
0.0299 0.58133 
0.0400 0.436 
0.0500 0.3488 
0.0600 0.29066 
0.0700 0.24914 
0.0800 0.218 
0.0899 0.19377 
0.0999 0.17440 
0.1099 0.15854 
0.1199 0.14533 
0.1299 0.13415 
0.1399 0.12457 
0.1499 0.11626 
0.16 0.109 
0.1700 0.10258 
0.1800 0.09688 
0.1900 0.09178 
0.2000 0.08719 
0.2100 0.24457 
0.2200 0.69599 
0.2300 1.58747 
0.2400 2.54599 
0.2500 3.42783 
0.2600 4.43753 
0.2700 5.18399 
0.2800 6.14971 
0.2900 6.23006 
0.3000 6.19199 
0.3100 6.53935 
0.3200 7.39499 
0.3300 8.09599 
0.3400 8.28188 
0.3500 8.04525 
0.3600 7.82177 
0.3700 7.61037 
0.3800 7.41010 
0.3900 7.82892 
0.4000 8.05719 
0.4100 7.86068 
0.4200 8.27923 
0.4300 8.67832 
0.4400 8.71236 
0.4500 9.00871 
0.4600 9.08939 
0.4700 9.22076 
0.4800 9.77066 
0.4900 10.1596 
0.5000 10.4313 
0.5100 10.8586 
0.5200 11.1553 
0.5300 10.9449 
0.5400 10.7422 
0.5500 10.5469 
0.5600 10.4645 
0.5700 10.2809 
0.5800 10.4984 
0.5900 10.8092 
0.6000 10.7986 
0.6100 11.1359 
0.6200 11.4761 
0.6300 11.9669 
0.6400 12.2569 
0.6500 12.0684 
0.6600 11.8855 
0.6700 12.0625 
0.6800 11.9974 
0.6900 12.0078 
0.7000 11.8847 
0.7100 12.0398 
0.7200 12.2731 
0.7300 12.6974 
0.7400 13.0873 
0.7500 13.2407 
0.7600 13.2785 
0.7700 13.4805 
0.7800 13.5794 
0.7900 13.8369 
0.8000 14.0773 
0.8100 14.1129 
0.8200 14.3959 
0.8300 14.4778 
0.8400 14.8102 
0.8500 14.9453 
0.8600 15.2546 
0.8700 15.2450 
0.8800 15.5054 
0.8900 15.5599 
0.9000 15.4529 
0.9100 15.3763 
0.9200 15.3659 
0.9300 15.5745 
0.9400 15.4719 
0.9500 15.4698 
0.9600 15.4764 
0.9700 15.3868 
0.9800 15.2298 
0.9900 15.2473 
1.0000 15.0948 
1.0100 14.9454 
1.0200 14.8072 
1.0300 14.6634 
1.0400 14.5224 
1.0500 14.3841 
1.0600 14.4804 
1.0700 14.4085 
1.0800 14.4321 
1.0900 14.5409 
1.1000 14.5320 
1.1100 14.6227 
1.1200 14.6587 
1.1300 14.5289 
1.1400 14.4015 
1.1500 14.2763 
1.1600 14.1532 
1.1700 14.0322 
1.1800 13.9133 
1.1900 13.7964 
1.2000 13.6814 
1.2100 13.5683 
1.2200 13.4571 
1.2300 13.3477 
1.2400 13.2401 
1.2500 13.1342 
1.2600 13.0299 
1.2700 12.9273 
1.2800 12.8263 
1.2900 12.7269 
1.3000 12.6290 
1.3100 12.5326 
1.3200 12.4376 
1.3300 12.3569 
1.3400 12.2900 
1.3500 12.3057 
1.3600 12.2651 
1.3700 12.3737 
1.3800 12.4684 
1.3900 12.4885 
1.4000 12.6113 
1.4100 12.5759 
1.4200 12.9114 
1.4300 13.1176 
1.4400 13.2738 
1.4500 13.4455 
1.4600 13.5857 
1.4700 13.6202 
1.4800 13.8548 
1.4900 13.9667 
1.5000 14.2184 
1.5100 14.4275 
1.5200 14.6227 
1.5300 14.6103 
1.5400 14.6861 
1.5500 14.7172 
1.5600 14.6228 
1.5700 14.5297 
1.5800 14.4377 
1.5900 14.3469 
1.6000 14.2572 
1.6100 14.1687 
1.6200 14.0812 
1.6300 13.9948 
1.6400 13.9095 
1.6500 13.8252 
1.6600 13.7419 
1.6700 13.6596 
1.6800 13.5783 
1.6900 13.4980 
1.7000 13.4186 
1.7100 13.3401 
1.7200 13.2626 
1.7300 13.1859 
1.7400 13.1101 
1.7500 13.0352 
1.7600 12.9611 
1.7700 12.8879 
1.7800 12.8155 
1.7900 12.7439 
1.8000 12.6731 
1.8100 12.6031 
1.8200 12.5338 
1.8300 12.4653 
1.8400 12.3976 
1.8500 12.3306 
1.8600 12.2643 
1.8700 12.1987 
1.8800 12.1338 
1.8900 12.0696 
1.9000 12.0061 
1.9100 11.9432 
1.9200 11.8810 
1.9300 11.8195 
1.9400 11.7585 
1.9500 11.6982 
1.9600 11.6386 
1.9700 11.5795 
1.9800 11.5210 
1.9900 11.4631 
2.0000 11.4058 
2.0100 11.3490 
2.0200 11.2929 
2.0300 11.2372 
2.0400 11.1821 
2.0500 11.1276 
2.0600 11.0736 
2.0699 11.0201 
2.0799 10.9671 
2.0899 10.9146 
2.0999 10.8627 
2.1099 10.8112 
2.1199 10.7602 
2.1299 10.7097 
2.1399 10.6596 
2.1499 10.6298 
2.1599 10.7219 
2.1699 10.7584 
2.1799 10.7519 
2.1899 10.7028 
2.1999 10.7081 
2.2099 10.6865 
2.2199 10.6651 
2.2299 10.7047 
2.2399 10.8538 
2.2499 10.9375 
2.2599 11.1217 
2.2699 11.2334 
2.2799 11.3366 
2.2899 11.4167 
2.2999 11.3670 
2.3099 11.3178 
2.3199 11.2691 
2.3299 11.2207 
2.3399 11.1727 
2.3499 11.1252 
2.3599 11.0781 
2.3699 11.0313 
2.3799 10.9850 
2.3899 10.9390 
2.3999 10.8934 
2.4099 10.8482 
2.4199 10.8034 
2.4299 10.7589 
2.4399 10.7148 
2.4499 10.6711 
2.4599 10.6277 
2.4699 10.5847 
2.4799 10.5420 
2.4899 10.5678 
2.4999 10.5900 
2.5099 10.6424 
2.5199 10.7213 
2.5299 10.8331 
2.5399 10.9574 
2.5499 11.0374 
2.5599 11.1831 
2.5699 11.3343 
2.5799 11.4186 
2.5899 11.4727 
2.5999 11.5525 
2.6099 11.6025 
2.6199 11.6132 
2.6299 11.6303 
2.6399 11.6633 
2.6499 11.7185 
2.6599 11.7892 
2.6699 11.9039 
2.6799 12.0019 
2.6899 12.0140 
2.6999 11.9978 
2.7099 11.9535 
2.7199 11.9095 
2.7299 11.8659 
2.7399 11.8226 
2.7499 11.7796 
2.7599 11.7369 
2.7699 11.6946 
2.7799 11.6525 
2.7899 11.6107 
2.7999 11.5693 
2.8099 11.5281 
2.8199 11.4872 
2.8299 11.4466 
2.8399 11.4063 
2.8499 11.3663 
2.8599 11.3266 
2.8699 11.2871 
2.8799 11.2479 
2.8899 11.2090 
2.8999 11.1996 
2.9099 11.1786 
2.9199 11.2100 
2.9299 11.2238 
2.9399 11.2145 
2.9499 11.2914 
2.9599 11.3965 
2.9699 11.4752 
2.9799 11.5506 
2.9899 11.6537 
2.9999 11.8043 
3.0099 11.8946 
3.0199 11.9929 
3.0299 12.0904 
3.0399 12.1483 
3.0499 12.2475 
3.0599 12.3044 
3.0699 12.3942 
3.0799 12.4420 
3.0899 12.4759 
3.0999 12.4356 
3.1099 12.3956 
3.1199 12.3559 
3.1299 12.3164 
3.1399 12.2772 
3.1499 12.2382 
3.1599 12.1995 
3.1699 12.1610 
3.1799 12.1228 
3.1899 12.0848 
3.1999 12.0470 
3.2099 12.0095 
3.2199 11.9722 
3.2299 11.9351 
3.2399 11.8983 
3.2499 11.8617 
3.2599 11.8253 
3.2699 11.7891 
3.2799 11.7532 
3.2899 11.7174 
3.2999 11.6819 
3.3099 11.6466 
3.3199 11.6116 
3.3299 11.5767 
3.3399 11.5420 
3.3499 11.5076 
3.3599 11.4733 
3.3699 11.4393 
3.3799 11.4054 
3.3899 11.3718 
3.3999 11.3384 
3.4099 11.3051 
3.4199 11.2720 
3.4299 11.2392 
3.4399 11.2065 
3.4499 11.1740 
3.4599 11.1417 
3.4699 11.1096 
3.4799 11.0777 
3.4899 11.0460 
3.4999 11.0144 
3.5099 10.9830 
3.5199 10.9518 
3.5299 10.9208 
3.5399 10.8899 
3.5499 10.8593 
3.5599 10.8288 
3.5699 10.7984 
3.5799 10.7683 
3.5899 10.7383 
3.5999 10.7084 
3.6099 10.6788 
3.6199 10.6493 
3.6299 10.6199 
3.6399 10.5908 
3.6499 10.5617 
3.6599 10.5329 
3.6699 10.5042 
3.6799 10.4756 
3.6899 10.4794 
3.6999 10.5497 
3.7099 10.6081 
3.7199 10.7141 
3.7299 10.7695 
3.7399 10.8608 
3.7499 10.8500 
3.7599 10.8437 
3.7699 10.8801 
