0.01 6 
0.02 20.19 
0.0299 10 
0.0400 11.83 
0.0500 6.407 
0.0600 7.153 
0.0700 4.282 
0.0800 4.282 
0.0899 4.282 
0.0999 4.282 
0.1099 4.282 
0.1199 4.282 
0.1299 4.282 
0.1399 4.282 
0.1499 4.282 
0.16 4.282 
0.1700 5.887 
0.1800 7.131 
0.1900 5.006 
0.2000 7.581 
0.2100 8.461 
0.2200 8.461 
0.2300 8.461 
0.2400 8.461 
0.2500 8.461 
0.2600 8.461 
0.2700 8.461 
0.2800 8.461 
0.2900 8.461 
0.3000 8.461 
0.3100 8.461 
0.3200 8.461 
0.3300 8.461 
0.3400 8.461 
0.3500 8.461 
0.3600 8.461 
0.3700 8.461 
0.3800 8.461 
0.3900 8.461 
0.4000 8.461 
0.4100 1 
0.4200 1 
0.4300 1 
0.4400 1 
0.4500 1 
0.4600 1 
0.4700 1 
0.4800 1 
0.4900 1 
0.5000 1 
0.5100 1 
0.5200 1 
0.5300 1 
0.5400 1 
0.5500 1 
0.5600 1 
0.5700 1 
0.5800 1 
0.5900 1 
0.6000 1 
0.6100 1 
0.6200 1 
0.6300 1 
0.6400 1 
0.6500 1 
0.6600 1 
0.6700 1 
0.6800 1 
0.6900 1 
0.7000 1 
0.7100 1 
0.7200 1 
0.7300 1 
0.7400 1 
0.7500 1 
0.7600 1 
0.7700 1 
0.7800 1 
0.7900 1 
0.8000 1 
0.8100 1 
0.8200 1 
0.8300 1 
0.8400 1 
0.8500 1 
0.8600 1 
0.8700 1 
0.8800 1 
0.8900 1 
0.9000 1 
0.9100 1 
0.9200 1 
0.9300 1 
0.9400 1 
0.9500 1 
0.9600 1 
0.9700 1 
0.9800 1 
0.9900 1 
1.0000 1 
1.0100 1 
1.0200 1 
1.0300 1 
1.0400 1 
1.0500 1 
1.0600 1 
1.0700 1 
1.0800 1 
1.0900 1 
1.1000 1 
1.1100 1 
1.1200 1 
1.1300 1 
1.1400 1 
1.1500 1 
1.1600 1 
1.1700 1 
1.1800 1 
1.1900 1 
1.2000 1 
1.2100 1 
1.2200 1 
1.2300 1 
1.2400 1 
1.2500 1 
1.2600 1 
1.2700 1 
1.2800 1 
1.2900 1 
1.3000 1 
1.3100 1 
1.3200 1 
1.3300 1 
1.3400 1 
1.3500 1 
1.3600 1 
1.3700 1 
1.3800 1 
1.3900 1 
1.4000 1 
1.4100 1 
1.4200 1 
1.4300 1 
1.4400 1 
1.4500 1 
1.4600 1 
1.4700 1 
1.4800 1 
1.4900 1 
1.5000 1 
1.5100 1 
1.5200 1 
1.5300 1 
1.5400 1 
1.5500 1 
1.5600 1 
1.5700 1 
1.5800 1 
1.5900 1 
1.6000 1 
1.6100 6.097 
1.6200 3.607 
1.6300 5.220 
1.6400 9.372 
1.6500 13.12 
1.6600 6.104 
1.6700 6.070 
1.6800 6.277 
1.6900 11.31 
1.7000 14.43 
1.7100 9.126 
1.7200 3.452 
1.7300 5.122 
1.7400 10.34 
1.7500 6.386 
1.7600 5.473 
1.7700 11.07 
1.7800 14.66 
1.7900 17.75 
1.8000 19.47 
1.8100 20.42 
1.8200 22.48 
1.8300 22.48 
1.8400 22.65 
1.8500 22.65 
1.8600 22.65 
1.8700 10 
1.8800 11.14 
1.8900 12.09 
1.9000 13.86 
1.9100 7.422 
1.9200 8.439 
1.9300 6.335 
1.9400 3.615 
1.9500 3.615 
1.9600 5.239 
1.9700 7.992 
1.9800 7.992 
1.9900 9.055 
2.0000 10.96 
2.0100 12.42 
2.0200 6.682 
2.0300 8.419 
2.0400 12.21 
2.0500 15.98 
2.0600 16.89 
2.0699 9.971 
2.0799 12.87 
2.0899 13.84 
2.0999 14.75 
2.1099 14.75 
2.1199 14.75 
2.1299 14.75 
2.1399 14.75 
2.1499 14.75 
2.1599 14.75 
2.1699 14.75 
2.1799 14.75 
2.1899 14.75 
2.1999 14.75 
2.2099 14.75 
2.2199 14.75 
2.2299 14.75 
2.2399 14.75 
2.2499 14.75 
2.2599 14.75 
2.2699 14.75 
2.2799 14.75 
2.2899 14.75 
2.2999 8.437 
2.3099 5.914 
2.3199 9.351 
2.3299 6.704 
2.3399 10.36 
2.3499 4.263 
2.3599 5.134 
2.3699 5.134 
2.3799 5.134 
2.3899 5.134 
2.3999 6.044 
2.4099 8.654 
2.4199 12.54 
2.4299 14.40 
2.4399 8.424 
2.4499 10.25 
2.4599 6.745 
2.4699 8.469 
2.4799 5.337 
2.4899 3.917 
2.4999 3.917 
2.5099 3.917 
2.5199 3.917 
2.5299 3.917 
2.5399 3.917 
2.5499 3.917 
2.5599 3.917 
2.5699 3.917 
2.5799 3.917 
2.5899 3.917 
2.5999 3.917 
2.6099 3.917 
2.6199 3.917 
2.6299 3.917 
2.6399 3.917 
2.6499 3.917 
2.6599 3.917 
2.6699 3.917 
2.6799 3.917 
2.6899 2.9 
2.6999 7.965 
2.7099 6.182 
2.7199 4.218 
2.7299 5.255 
2.7399 9.284 
2.7499 4.301 
2.7599 4.042 
2.7699 10.16 
2.7799 13.47 
2.7899 16.54 
2.7999 20.24 
2.8099 21.02 
2.8199 22.49 
2.8299 23.36 
2.8399 25.81 
2.8499 28.04 
2.8599 11.83 
2.8699 15.04 
2.8799 15.17 
2.8899 7.978 
2.8999 7.978 
2.9099 7.978 
2.9199 7.978 
2.9299 7.978 
2.9399 7.978 
2.9499 7.978 
2.9599 7.978 
2.9699 7.978 
2.9799 7.978 
2.9899 7.978 
2.9999 7.978 
3.0099 7.978 
3.0199 7.978 
3.0299 7.978 
3.0399 7.978 
3.0499 7.978 
3.0599 7.978 
3.0699 7.978 
3.0799 7.978 
3.0899 1 
3.0999 5.053 
3.1099 4.801 
3.1199 5.586 
3.1299 11.99 
3.1399 6.041 
3.1499 1.858 
3.1599 5.175 
3.1699 7.006 
3.1799 5.534 
3.1899 5.300 
3.1999 10.71 
3.2099 7.033 
3.2199 7.175 
3.2299 10.38 
3.2399 8.328 
3.2499 5.088 
3.2599 3.543 
3.2699 7.160 
3.2799 4.731 
3.2899 3.430 
3.2999 3.990 
3.3099 3.990 
3.3199 5.500 
3.3299 10.33 
3.3399 6.385 
3.3499 8.187 
3.3599 10.06 
3.3699 14.33 
3.3799 17.19 
3.3899 19.59 
3.3999 21.25 
3.4099 10 
3.4199 10 
3.4299 11.75 
3.4399 7.601 
3.4499 7.601 
3.4599 10.30 
3.4699 11.23 
3.4799 11.23 
3.4899 11.23 
3.4999 11.23 
3.5099 11.23 
3.5199 11.23 
3.5299 6.601 
3.5399 7.729 
3.5499 11.58 
3.5599 6.904 
3.5699 8.358 
3.5799 10.20 
3.5899 14.01 
3.5999 14.22 
3.6099 15.18 
3.6199 18.07 
3.6299 9.064 
3.6399 11.06 
3.6499 6.092 
3.6599 9.028 
3.6699 9.028 
3.6799 9.980 
3.6899 4.990 
3.6999 4.990 
3.7099 4.990 
3.7199 4.990 
3.7299 4.990 
3.7399 4.990 
3.7499 4.990 
3.7599 4.990 
3.7699 4.990 
