0.01 1.744 
0.02 0.872 
0.0299 0.58133 
0.0400 0.436 
0.0500 0.85760 
0.0600 0.71466 
0.0700 0.73371 
0.0800 0.748 
0.0899 0.75911 
0.0999 0.76800 
0.1099 0.85236 
0.1199 1.06400 
0.1299 0.98215 
0.1399 0.91200 
0.1499 1.02080 
0.16 0.95700 
0.1700 1.00047 
0.1800 1.03911 
0.1900 1.07368 
0.2000 1.14719 
0.2100 1.21371 
0.2200 1.15854 
0.2300 1.18191 
0.2400 1.27399 
0.2500 1.29087 
0.2600 1.33907 
0.2700 1.28948 
0.2800 1.30399 
0.2900 1.37599 
0.3000 1.35839 
0.3100 1.36929 
0.3200 1.32649 
0.3300 1.28630 
0.3400 1.24847 
0.3500 1.21279 
0.3600 1.17911 
0.3700 1.17016 
0.3800 1.18399 
0.3900 1.26235 
0.4000 1.31559 
0.4100 1.28351 
0.4200 1.25295 
0.4300 1.22381 
0.4400 1.19599 
0.4500 1.16942 
0.4600 1.14399 
0.4700 1.11965 
0.4800 1.11399 
0.4900 1.09126 
0.5000 1.06943 
0.5100 1.06509 
0.5200 1.04461 
0.5300 1.02490 
0.5400 1.05303 
0.5500 1.03389 
0.5600 1.01542 
0.5700 0.99761 
0.5800 1.02427 
0.5900 1.02128 
0.6000 1.03253 
0.6100 1.04340 
0.6200 1.05393 
0.6300 1.06412 
0.6400 1.08724 
0.6500 1.12270 
0.6600 1.14424 
0.6700 1.17779 
0.6800 1.16047 
0.6900 1.18052 
0.7000 1.19999 
0.7100 1.18309 
0.7200 1.27266 
0.7300 1.26684 
0.7400 1.27264 
0.7500 1.25567 
0.7600 1.27263 
0.7700 1.30015 
0.7800 1.30523 
0.7900 1.31017 
0.8000 1.32559 
0.8100 1.35111 
0.8200 1.35531 
0.8300 1.35942 
0.8400 1.41390 
0.8500 1.40724 
0.8600 1.44018 
0.8700 1.42363 
0.8800 1.42672 
0.8900 1.41069 
0.9000 1.42328 
0.9100 1.43560 
0.9200 1.41999 
0.9300 1.40473 
0.9400 1.44391 
0.9500 1.43764 
0.9600 1.42266 
0.9700 1.41674 
0.9800 1.46285 
0.9900 1.46521 
1.0000 1.50991 
1.0100 1.51176 
1.0200 1.55513 
1.0300 1.57297 
1.0400 1.61492 
1.0500 1.59954 
1.0600 1.59245 
1.0700 1.57757 
1.0800 1.59437 
1.0900 1.61864 
1.1000 1.65018 
1.1100 1.64295 
1.1200 1.62828 
1.1300 1.65139 
1.1400 1.65178 
1.1500 1.63742 
1.1600 1.63793 
1.1700 1.63842 
1.1800 1.64610 
1.1900 1.64652 
1.2000 1.70346 
1.2100 1.72442 
1.2200 1.75895 
1.2300 1.75843 
1.2400 1.74425 
1.2500 1.74387 
1.2600 1.77041 
1.2700 1.77650 
1.2800 1.76262 
1.2900 1.74896 
1.3000 1.74203 
1.3100 1.76757 
1.3200 1.79915 
1.3300 1.83025 
1.3400 1.82292 
1.3500 1.81570 
1.3600 1.85223 
1.3700 1.85109 
1.3800 1.84997 
1.3900 1.86106 
1.4000 1.89017 
1.4100 1.88278 
1.4200 1.89340 
1.4300 1.90388 
1.4400 1.92011 
1.4500 1.92441 
1.4600 1.91123 
1.4700 1.89823 
1.4800 1.88540 
1.4900 1.91828 
1.5000 1.91114 
1.5100 1.89849 
1.5200 1.88599 
1.5300 1.87921 
1.5400 1.86701 
1.5500 1.86043 
1.5600 1.88112 
1.5700 1.86914 
1.5800 1.85731 
1.5900 1.84563 
1.6000 1.84999 
1.6100 1.85431 
1.6200 1.85856 
1.6300 1.84716 
1.6400 1.85141 
1.6500 1.87616 
1.6600 1.86486 
1.6700 1.85370 
1.6800 1.84266 
1.6900 1.83176 
1.7000 1.83595 
1.7100 1.85001 
1.7200 1.84911 
1.7300 1.86293 
1.7400 1.85222 
1.7500 1.87071 
1.7600 1.86972 
1.7700 1.85916 
1.7800 1.87253 
1.7900 1.86681 
1.8000 1.86115 
1.8100 1.86024 
1.8200 1.85002 
1.8300 1.83991 
1.8400 1.84373 
1.8500 1.84294 
1.8600 1.83759 
1.8700 1.82776 
1.8800 1.82255 
1.8900 1.81291 
1.9000 1.82568 
1.9100 1.81612 
1.9200 1.80666 
1.9300 1.81927 
1.9400 1.80989 
1.9500 1.80061 
1.9600 1.79142 
1.9700 1.78233 
1.9800 1.77333 
1.9900 1.76442 
2.0000 1.75983 
2.0100 1.75530 
2.0200 1.75500 
2.0300 1.75054 
2.0400 1.74611 
2.0500 1.75000 
2.0600 1.74563 
2.0699 1.73719 
2.0799 1.72884 
2.0899 1.72463 
2.0999 1.72853 
2.1099 1.73641 
2.1199 1.74822 
2.1299 1.75594 
2.1399 1.76755 
2.1499 1.77510 
2.1599 1.79044 
2.1699 1.79000 
2.1799 1.79735 
2.1899 1.80851 
2.1999 1.80800 
2.2099 1.82284 
2.2199 1.83754 
2.2299 1.85592 
2.2399 1.85900 
2.2499 1.85827 
2.2599 1.86506 
2.2699 1.86058 
2.2799 1.85614 
2.2899 1.86284 
2.2999 1.86212 
2.3099 1.86140 
2.3199 1.87531 
2.3299 1.87090 
2.3399 1.86290 
2.3499 1.85497 
2.3599 1.84711 
2.3699 1.84648 
2.3799 1.84941 
2.3899 1.85586 
2.3999 1.84813 
2.4099 1.84046 
2.4199 1.83285 
2.4299 1.82531 
2.4399 1.81783 
2.4499 1.81041 
2.4599 1.82029 
2.4699 1.81635 
2.4799 1.80903 
2.4899 1.81198 
2.4999 1.80812 
2.5099 1.80092 
2.5199 1.80050 
2.5299 1.79674 
2.5399 1.79300 
2.5499 1.78930 
2.5599 1.78562 
2.5699 1.78197 
2.5799 1.78164 
2.5899 1.78458 
2.5999 1.77772 
2.6099 1.77416 
2.6199 1.77709 
2.6299 1.77356 
2.6399 1.76684 
2.6499 1.77298 
2.6599 1.76631 
2.6699 1.77240 
2.6799 1.77528 
2.6899 1.77814 
2.6999 1.78097 
2.7099 1.79005 
2.7199 1.78970 
2.7299 1.80178 
2.7399 1.81687 
2.7499 1.81952 
2.7599 1.81292 
2.7699 1.81862 
2.7799 1.81513 
2.7899 1.81167 
2.7999 1.81428 
2.8099 1.81084 
2.8199 1.81043 
2.8299 1.81003 
2.8399 1.80963 
2.8499 1.80625 
2.8599 1.79994 
2.8699 1.79367 
2.8799 1.78744 
2.8899 1.78712 
2.8999 1.78681 
2.9099 1.78650 
2.9199 1.78619 
2.9299 1.78588 
2.9399 1.79134 
2.9499 1.79102 
2.9599 1.78497 
2.9699 1.77896 
2.9799 1.77583 
2.9899 1.77557 
2.9999 1.78944 
3.0099 1.78912 
3.0199 1.78320 
3.0299 1.77732 
3.0399 1.77984 
3.0499 1.78234 
3.0599 1.78483 
3.0699 1.78730 
3.0799 1.78701 
3.0899 1.78122 
3.0999 1.77548 
3.1099 1.76977 
3.1199 1.76410 
3.1299 1.76117 
3.1399 1.76636 
3.1499 1.76614 
3.1599 1.77397 
3.1699 1.77640 
3.1799 1.78148 
3.1899 1.78121 
3.1999 1.78095 
3.2099 1.78861 
3.2199 1.79622 
3.2299 1.79328 
3.2399 1.78775 
3.2499 1.78225 
3.2599 1.77678 
3.2699 1.77135 
3.2799 1.77629 
3.2899 1.77089 
3.2999 1.77066 
3.3099 1.76787 
3.3199 1.77277 
3.3299 1.76999 
3.3399 1.77231 
3.3499 1.77208 
3.3599 1.76933 
3.3699 1.76408 
3.3799 1.77642 
3.3899 1.77118 
3.3999 1.76847 
3.4099 1.76577 
3.4199 1.76556 
3.4299 1.76041 
3.4399 1.76516 
3.4499 1.76742 
3.4599 1.77701 
3.4699 1.78167 
3.4799 1.77655 
3.4899 1.77389 
3.4999 1.77366 
3.5099 1.77103 
3.5199 1.76600 
3.5299 1.76099 
3.5399 1.75602 
3.5499 1.76301 
3.5599 1.75806 
3.5699 1.75789 
3.5799 1.75772 
3.5899 1.75282 
3.5999 1.75737 
3.6099 1.75250 
3.6199 1.74766 
3.6299 1.74285 
3.6399 1.74505 
3.6499 1.74492 
3.6599 1.74015 
3.6699 1.73772 
3.6799 1.73530 
3.6899 1.73519 
3.6999 1.73050 
3.7099 1.72584 
3.7199 1.72576 
3.7299 1.72568 
3.7399 1.72787 
3.7499 1.72778 
3.7599 1.72319 
3.7699 1.72087 
3.7799 1.72529 
3.7899 1.72073 
3.7999 1.71621 
3.8099 1.71838 
3.8199 1.71832 
3.8299 1.71383 
3.8399 1.71600 
3.8499 1.71815 
3.8599 1.71809 
3.8699 1.71803 
3.8799 1.72453 
3.8899 1.72446 
3.8999 1.73091 
3.9099 1.73299 
3.9199 1.72857 
3.9299 1.72633 
3.9399 1.72625 
3.9499 1.72403 
3.9599 1.73038 
3.9699 1.72602 
3.9799 1.73447 
3.9899 1.73650 
3.9999 1.73640 
4.0099 1.73841 
4.0199 1.74252 
4.0299 1.73820 
4.0399 1.73390 
4.0499 1.72961 
4.0599 1.72535 
4.0699 1.72112 
4.0799 1.72937 
4.0899 1.72721 
4.0999 1.72714 
4.1099 1.72293 
4.1199 1.72287 
4.1299 1.72486 
4.1399 1.72274 
4.1499 1.72063 
4.1599 1.72261 
4.1699 1.71848 
4.1799 1.71843 
4.1899 1.71432 
4.1999 1.71024 
4.2099 1.71625 
4.2199 1.71620 
4.2299 1.71415 
4.2399 1.71011 
4.2499 1.70608 
4.2599 1.70208 
4.2699 1.69809 
4.2799 1.70205 
4.2899 1.70006 
4.2999 1.69611 
4.3099 1.69217 
4.3199 1.69022 
4.3299 1.69415 
4.3399 1.69611 
4.3499 1.69805 
4.3599 1.69611 
4.3699 1.69416 
4.3799 1.69610 
4.3899 1.69610 
4.3999 1.69803 
4.4099 1.69418 
4.4199 1.69802 
4.4299 1.69419 
4.4399 1.69610 
4.4499 1.69229 
4.4599 1.69420 
4.4699 1.69041 
4.4799 1.69800 
4.4899 1.69799 
4.4999 1.69799 
4.5099 1.69986 
4.5199 1.70548 
4.5299 1.70359 
4.5399 1.70357 
4.5499 1.71101 
4.5599 1.72585 
4.5699 1.72208 
4.5799 1.72758 
4.5899 1.72381 
4.5999 1.72006 
4.6099 1.71817 
4.6199 1.71996 
4.6299 1.71808 
4.6399 1.71803 
4.6499 1.71616 
4.6599 1.71612 
4.6699 1.71244 
4.6799 1.71784 
4.6899 1.71960 
4.6999 1.71594 
4.7099 1.71230 
4.7199 1.70867 
4.7299 1.70506 
4.7399 1.71041 
4.7499 1.71038 
4.7599 1.70857 
4.7699 1.70676 
4.7799 1.70851 
4.7899 1.70849 
4.7999 1.71376 
4.8099 1.71196 
4.8199 1.71017 
4.8299 1.71190 
4.8399 1.70836 
4.8499 1.70484 
4.8599 1.70133 
4.8699 1.69783 
4.8799 1.69609 
4.8899 1.70476 
4.8999 1.70475 
4.9099 1.70991 
4.9199 1.71160 
4.9299 1.71157 
4.9399 1.71154 
4.9499 1.70980 
4.9599 1.70635 
4.9699 1.70462 
4.9799 1.70801 
4.9899 1.70459 
4.9999 1.70627 
5.0099 1.70794 
5.0199 1.70454 
5.0299 1.70115 
5.0399 1.70619 
5.0499 1.70617 
5.0599 1.70279 
5.0699 1.70278 
5.0799 1.70444 
5.0899 1.70609 
5.0999 1.71105 
5.1099 1.71102 
5.1199 1.72093 
5.1299 1.72584 
5.1399 1.72414 
5.1499 1.72408 
5.1599 1.72238 
5.1699 1.72233 
5.1799 1.72392 
5.1899 1.72060 
5.1999 1.71729 
5.2099 1.72213 
5.2199 1.72370 
5.2299 1.72203 
5.2399 1.72198 
5.2499 1.72516 
5.2599 1.72511 
5.2699 1.72666 
5.2799 1.72660 
5.2899 1.73135 
5.2999 1.72809 
5.3099 1.73601 
5.3199 1.74072 
5.3299 1.74222 
5.3399 1.74531 
5.3499 1.75315 
5.3599 1.74988 
5.3699 1.74978 
5.3799 1.74652 
5.3899 1.74328 
5.3999 1.74005 
5.4099 1.74938 
5.4199 1.75241 
5.4299 1.75074 
5.4399 1.74908 
5.4499 1.74743 
5.4599 1.74423 
5.4699 1.74104 
5.4799 1.74096 
5.4899 1.74242 
5.4999 1.74234 
5.5099 1.74379 
5.5199 1.74678 
5.5299 1.74362 
5.5399 1.74200 
5.5499 1.73886 
5.5599 1.74946 
5.5699 1.74784 
5.5799 1.74471 
5.5899 1.74159 
5.5999 1.73848 
5.6099 1.73538 
5.6199 1.73531 
5.6299 1.73524 
5.6399 1.73517 
5.6499 1.73210 
5.6599 1.73054 
5.6699 1.73048 
5.6799 1.73042 
5.6899 1.73036 
5.6999 1.73030 
5.7099 1.73321 
5.7199 1.73314 
5.7299 1.73456 
5.7399 1.73301 
5.7499 1.73295 
5.7599 1.73141 
5.7699 1.72988 
5.7799 1.72689 
5.7899 1.72537 
5.7999 1.72678 
5.8099 1.72527 
5.8199 1.72230 
5.8299 1.71935 
5.8399 1.71641 
5.8499 1.71347 
5.8599 1.71200 
5.8699 1.71052 
5.8799 1.71050 
5.8899 1.70759 
5.8999 1.71332 
5.9099 1.71042 
5.9199 1.70754 
5.9299 1.70466 
5.9399 1.70179 
5.9499 1.70605 
5.9599 1.70604 
5.9699 1.70318 
5.9799 1.70033 
5.9899 1.70457 
5.9999 1.70597 
6.0099 1.70454 
6.0199 1.70171 
6.0299 1.70029 
6.0399 1.69888 
6.0499 1.69607 
6.0599 1.70027 
6.0699 1.69747 
6.0799 1.69468 
6.0899 1.69190 
6.0999 1.69468 
6.1099 1.69469 
6.1199 1.69469 
6.1299 1.69469 
6.1399 1.69193 
6.1499 1.69469 
6.1599 1.69883 
6.1699 1.70707 
6.1799 1.70431 
6.1899 1.71114 
6.1999 1.71112 
6.2099 1.70836 
6.2199 1.70562 
6.2299 1.70288 
6.2399 1.70015 
6.2499 1.70014 
6.2599 1.70284 
6.2699 1.70419 
6.2799 1.70147 
6.2899 1.70012 
6.2999 1.70280 
6.3099 1.70145 
6.3199 1.70546 
6.3299 1.70411 
6.3399 1.70410 
6.3499 1.70542 
6.3599 1.70674 
6.3699 1.71071 
6.3799 1.71601 
6.3899 1.71598 
6.3999 1.71727 
6.4099 1.72517 
6.4199 1.72249 
6.4299 1.71981 
6.4399 1.71714 
6.4499 1.71448 
6.4599 1.71182 
6.4699 1.70918 
6.4799 1.71046 
6.4899 1.70914 
6.4999 1.71042 
6.5099 1.71170 
6.5199 1.71298 
6.5299 1.71425 
6.5399 1.71292 
6.5499 1.71290 
6.5599 1.71675 
6.5699 1.72446 
6.5799 1.72313 
6.5899 1.72824 
6.5999 1.72947 
6.6099 1.72942 
6.6199 1.73193 
6.6299 1.72932 
6.6399 1.73055 
6.6499 1.73560 
6.6599 1.73554 
6.6699 1.73675 
6.6799 1.73542 
6.6899 1.73409 
6.6999 1.73910 
6.7099 1.73777 
6.7199 1.73897 
6.7299 1.74017 
6.7399 1.73759 
6.7499 1.73501 
6.7599 1.73244 
6.7699 1.73114 
6.7799 1.73484 
6.7899 1.73228 
6.7999 1.73597 
6.8099 1.73591 
6.8199 1.73461 
6.8299 1.73331 
6.8399 1.73698 
6.8499 1.73816 
6.8599 1.73562 
6.8699 1.73310 
6.8799 1.73304 
6.8899 1.73053 
6.8999 1.73048 
6.9099 1.73043 
6.9199 1.73038 
6.9299 1.72910 
6.9399 1.72661 
6.9499 1.72901 
6.9599 1.72652 
6.9699 1.72648 
6.9799 1.72887 
6.9899 1.73003 
6.9999 1.72756 
7.0099 1.72873 
7.0199 1.72747 
7.0299 1.72863 
7.0399 1.72618 
7.0499 1.72613 
7.0599 1.72609 
7.0699 1.72845 
7.0799 1.72960 
7.0899 1.72955 
7.0999 1.72712 
7.1099 1.72588 
7.1199 1.73060 
7.1299 1.73055 
7.1399 1.72932 
7.1499 1.72927 
7.1599 1.72922 
7.1699 1.73154 
7.1799 1.73149 
7.1899 1.73262 
7.1999 1.73375 
7.2099 1.73723 
7.2199 1.73717 
7.2299 1.73594 
7.2399 1.73471 
7.2499 1.73934 
7.2599 1.73928 
7.2699 1.73689 
7.2799 1.73683 
7.2899 1.73445 
7.2999 1.73207 
7.3099 1.72970 
7.3199 1.72734 
7.3299 1.72498 
7.3399 1.72263 
7.3499 1.72144 
7.3599 1.72256 
7.3699 1.72483 
7.3799 1.72708 
7.3899 1.72589 
7.3999 1.72356 
7.4099 1.72581 
7.4199 1.72577 
7.4299 1.72345 
7.4399 1.72113 
7.4499 1.71996 
7.4599 1.71766 
7.4699 1.71649 
7.4799 1.72100 
7.4899 1.71870 
7.4999 1.71867 
7.5099 1.72090 
7.5199 1.71974 
7.5299 1.71746 
7.5399 1.72080 
7.5499 1.72526 
7.5599 1.72522 
7.5699 1.72854 
7.5799 1.73410 
7.5899 1.73516 
7.5999 1.73511 
7.6099 1.73729 
7.6199 1.73723 
7.6299 1.73607 
7.6399 1.73824 
7.6499 1.74261 
7.6599 1.74034 
7.6699 1.73807 
7.6799 1.73581 
7.6899 1.73355 
7.6999 1.73130 
7.7099 1.73675 
7.7199 1.73450 
7.7299 1.73226 
7.7399 1.73002 
7.7499 1.73326 
7.7599 1.73103 
7.7699 1.72880 
7.7799 1.72767 
7.7899 1.72545 
7.7999 1.72324 
7.8099 1.72103 
7.8199 1.71883 
7.8299 1.72313 
7.8399 1.72093 
7.8499 1.71874 
7.8599 1.71871 
7.8699 1.71653 
7.8799 1.71543 
7.8899 1.71325 
7.8999 1.71323 
7.9099 1.71321 
7.9199 1.71105 
7.9299 1.70889 
7.9399 1.70780 
7.9499 1.70566 
7.9599 1.70351 
7.9699 1.70138 
7.9799 1.70137 
7.9899 1.69924 
7.9999 1.69712 
8.0099 1.69605 
8.0199 1.69500 
8.0299 1.69711 
8.0399 1.69605 
8.0499 1.69395 
8.0599 1.69395 
8.0699 1.69395 
8.0799 1.69186 
8.0899 1.68977 
8.0999 1.69082 
8.1099 1.68873 
8.1199 1.68874 
8.1299 1.68875 
8.1399 1.68668 
8.1499 1.68773 
8.1599 1.68878 
8.1699 1.68775 
8.1799 1.68776 
8.1899 1.68984 
8.1999 1.68881 
8.2099 1.69089 
8.2199 1.69193 
8.2299 1.69296 
8.2399 1.69811 
8.2499 1.69708 
8.2599 1.69503 
8.2699 1.69298 
8.2799 1.69400 
8.2899 1.69298 
8.2999 1.69094 
8.3099 1.68891 
8.3199 1.69401 
8.3299 1.69198 
8.3399 1.68995 
8.3499 1.68793 
8.3599 1.68591 
8.3699 1.68389 
8.3799 1.68391 
8.3899 1.68493 
8.3999 1.68394 
8.4099 1.68194 
8.4199 1.68598 
8.4299 1.68398 
8.4399 1.68199 
8.4499 1.68401 
8.4599 1.68202 
8.4699 1.68304 
8.4799 1.68305 
8.4899 1.68107 
8.4999 1.67909 
8.5099 1.68310 
8.5199 1.68411 
8.5299 1.68213 
8.5399 1.68414 
8.5499 1.68316 
8.5599 1.68119 
8.5699 1.68319 
8.5799 1.68419 
8.5899 1.68717 
8.5999 1.69211 
8.6099 1.69507 
8.6199 1.69605 
8.6299 1.69409 
8.6399 1.69900 
8.6499 1.69703 
8.6599 1.69703 
8.6699 1.69703 
8.6799 1.69996 
8.6899 1.70093 
8.6999 1.70092 
8.7099 1.69897 
8.7199 1.69702 
8.7299 1.69799 
8.7399 1.69993 
8.7499 1.69799 
8.7599 1.69605 
8.7699 1.69412 
8.7799 1.69219 
8.7899 1.69026 
8.7999 1.68930 
8.8099 1.68739 
8.8199 1.68932 
8.8299 1.68837 
8.8399 1.68742 
8.8499 1.68551 
8.8599 1.68648 
8.8699 1.68936 
8.8799 1.69127 
8.8899 1.68937 
8.8999 1.68747 
8.9099 1.68843 
8.9199 1.68749 
8.9299 1.68940 
8.9399 1.68941 
8.9499 1.68847 
8.9599 1.68942 
8.9699 1.69038 
8.9799 1.68944 
8.9899 1.68756 
8.9999 1.68851 
9.0099 1.68758 
9.0199 1.68947 
9.0299 1.68947 
9.0399 1.69323 
9.0499 1.69324 
9.0599 1.69230 
9.0699 1.69231 
9.0799 1.69044 
9.0899 1.69045 
9.0999 1.68859 
9.1099 1.69139 
9.1199 1.68954 
9.1299 1.69140 
9.1399 1.69048 
9.1499 1.68956 
9.1599 1.68957 
9.1699 1.68865 
9.1799 1.68958 
9.1899 1.68867 
9.1999 1.68775 
9.2099 1.69052 
9.2199 1.68961 
9.2299 1.68962 
9.2399 1.69146 
9.2499 1.69055 
9.2599 1.69238 
9.2699 1.69056 
9.2799 1.69331 
9.2899 1.69148 
9.2999 1.69058 
9.3099 1.68876 
9.3199 1.68968 
9.3299 1.68787 
9.3399 1.69060 
9.3499 1.69060 
9.3599 1.68970 
9.3699 1.68971 
9.3799 1.69062 
9.3899 1.69334 
9.3999 1.69154 
9.4099 1.69154 
9.4199 1.69154 
9.4299 1.69605 
9.4399 1.69874 
9.4499 1.69694 
9.4599 1.69605 
9.4699 1.69515 
9.4799 1.69515 
9.4899 1.69694 
9.4999 1.69783 
9.5099 1.69605 
9.5199 1.69694 
9.5299 1.69783 
9.5399 1.69960 
9.5499 1.69782 
9.5599 1.69782 
9.5699 1.69605 
9.5799 1.69427 
9.5899 1.69251 
9.5999 1.69075 
9.6099 1.68899 
9.6199 1.68899 
9.6299 1.68900 
9.6399 1.68813 
9.6499 1.68901 
9.6599 1.68990 
9.6699 1.69254 
9.6799 1.69079 
9.6899 1.69079 
9.6999 1.69255 
9.7099 1.69255 
9.7199 1.69343 
9.7299 1.69343 
9.7399 1.69430 
9.7499 1.69604 
9.7599 1.69952 
9.7699 1.70038 
9.7799 1.70038 
9.7899 1.69864 
9.7999 1.69691 
9.8099 1.69604 
9.8199 1.69432 
9.8299 1.69259 
9.8399 1.69260 
9.8499 1.69690 
9.8599 1.69776 
9.8699 1.69776 
9.8799 1.70205 
9.8899 1.70376 
9.8999 1.70204 
9.9099 1.70032 
9.9199 1.70032 
9.9299 1.70373 
9.9399 1.70372 
9.9499 1.70627 
9.9599 1.70456 
9.9699 1.70370 
9.9799 1.70539 
9.9899 1.70793 
9.9999 1.70707 
