0.01 1.744 
0.02 1.29599 
0.0299 2.56000 
0.0400 2.556 
0.0500 2.72319 
0.0600 2.69333 
0.0700 2.30857 
0.0800 2.444 
0.0899 2.54933 
0.0999 2.3792 
0.1099 2.24000 
0.1199 2.05333 
0.1299 1.89538 
0.1399 2.24457 
0.1499 2.09493 
0.16 2.17600 
0.1700 2.24752 
0.1800 2.31111 
0.1900 2.32336 
0.2000 2.41919 
0.2100 2.38476 
0.2200 2.46909 
0.2300 2.58295 
0.2400 2.47533 
0.2500 2.37631 
0.2600 2.28492 
0.2700 2.38874 
0.2800 2.45485 
0.2900 2.57489 
0.3000 2.51733 
0.3100 2.54554 
0.3200 2.57199 
0.3300 2.49406 
0.3400 2.44564 
0.3500 2.54537 
0.3600 2.61599 
0.3700 2.63697 
0.3800 2.63452 
0.3900 2.63220 
0.4000 2.62999 
0.4100 2.62790 
0.4200 2.70666 
0.4300 2.70288 
0.4400 2.77636 
0.4500 2.80888 
0.4600 2.98747 
0.4700 3.06825 
0.4800 3.16333 
0.4900 3.18530 
0.5000 3.20639 
0.5100 3.34305 
0.5200 3.31138 
0.5300 3.24890 
0.5400 3.33007 
0.5500 3.30036 
0.5600 3.25657 
0.5700 3.25894 
0.5800 3.27586 
0.5900 3.32094 
0.6000 3.33626 
0.6100 3.29547 
0.6200 3.32438 
0.6300 3.29853 
0.6400 3.35299 
0.6500 3.31446 
0.6600 3.26424 
0.6700 3.22817 
0.6800 3.25552 
0.6900 3.26979 
0.7000 3.29577 
0.7100 3.34490 
0.7200 3.29844 
0.7300 3.31134 
0.7400 3.27805 
0.7500 3.33610 
0.7600 3.35915 
0.7700 3.37059 
0.7800 3.32738 
0.7900 3.29599 
0.8000 3.29719 
0.8100 3.25649 
0.8200 3.27882 
0.8300 3.25975 
0.8400 3.22095 
0.8500 3.23294 
0.8600 3.21506 
0.8700 3.17811 
0.8800 3.14199 
0.8900 3.12575 
0.9000 3.09102 
0.9100 3.08501 
0.9200 3.06069 
0.9300 3.02778 
0.9400 3.04970 
0.9500 3.04437 
0.9600 3.01266 
0.9700 2.99909 
0.9800 2.96848 
0.9900 2.93850 
1.0000 2.90911 
1.0100 2.88031 
1.0200 2.85207 
1.0300 2.85732 
1.0400 2.84615 
1.0500 2.82712 
1.0600 2.80045 
1.0700 2.80598 
1.0800 2.79570 
1.0900 2.77783 
1.1000 2.75258 
1.1100 2.77362 
1.1200 2.77157 
1.1300 2.75454 
1.1400 2.77501 
1.1500 2.79513 
1.1600 2.81489 
1.1700 2.81258 
1.1800 2.82467 
1.1900 2.80094 
1.2000 2.77759 
1.2100 2.75464 
1.2200 2.73206 
1.2300 2.70985 
1.2400 2.68799 
1.2500 2.72076 
1.2600 2.70590 
1.2700 2.72466 
1.2800 2.74974 
1.2900 2.74815 
1.3000 2.75963 
1.3100 2.74503 
1.3200 2.72424 
1.3300 2.71013 
1.3400 2.74686 
1.3500 2.74536 
1.3600 2.72517 
1.3700 2.70528 
1.3800 2.69797 
1.3900 2.69686 
1.4000 2.69577 
1.4100 2.68266 
1.4200 2.68169 
1.4300 2.67479 
1.4400 2.66211 
1.4500 2.64375 
1.4600 2.62564 
1.4700 2.64239 
1.4800 2.63027 
1.4900 2.62969 
1.5000 2.61781 
1.5100 2.60609 
1.5200 2.61126 
1.5300 2.59973 
1.5400 2.62140 
1.5500 2.64278 
1.5600 2.63128 
1.5700 2.61992 
1.5800 2.64627 
1.5900 2.62963 
1.6000 2.66089 
1.6100 2.66544 
1.6200 2.65945 
1.6300 2.66915 
1.6400 2.69424 
1.6500 2.67791 
1.6600 2.68221 
1.6700 2.69154 
1.6800 2.70076 
1.6900 2.73495 
1.7000 2.75378 
1.7100 2.74760 
1.7200 2.73655 
1.7300 2.72073 
1.7400 2.70510 
1.7500 2.68964 
1.7600 2.67436 
1.7700 2.69279 
1.7800 2.68719 
1.7900 2.67217 
1.8000 2.68559 
1.8100 2.67076 
1.8200 2.65608 
1.8300 2.66474 
1.8400 2.66408 
1.8500 2.67260 
1.8600 2.67191 
1.8700 2.69390 
1.8800 2.67957 
1.8900 2.67437 
1.9000 2.67368 
1.9100 2.65968 
1.9200 2.66349 
1.9300 2.64969 
1.9400 2.65352 
1.9500 2.65296 
1.9600 2.67404 
1.9700 2.68629 
1.9800 2.72412 
1.9900 2.74026 
2.0000 2.74775 
2.0100 2.75518 
2.0200 2.77093 
2.0300 2.76145 
2.0400 2.74792 
2.0500 2.73451 
2.0600 2.77064 
2.0699 2.75725 
2.0799 2.74400 
2.0899 2.73087 
2.0999 2.71786 
2.1099 2.70498 
2.1199 2.69222 
2.1299 2.67958 
2.1399 2.66706 
2.1499 2.65466 
2.1599 2.64237 
2.1699 2.63019 
2.1799 2.61812 
2.1899 2.60617 
2.1999 2.59432 
2.2099 2.58258 
2.2199 2.57095 
2.2299 2.55942 
2.2399 2.54800 
2.2499 2.54044 
2.2599 2.54046 
2.2699 2.56288 
2.2799 2.58140 
2.2899 2.58494 
2.2999 2.57370 
2.3099 2.59193 
2.3199 2.59172 
2.3299 2.58424 
2.3399 2.57682 
2.3499 2.58389 
2.3599 2.57654 
2.3699 2.58356 
2.3799 2.57626 
2.3899 2.57613 
2.3999 2.59366 
2.4099 2.58994 
2.4199 2.57923 
2.4299 2.57560 
2.4399 2.56852 
2.4499 2.57188 
2.4599 2.57177 
2.4699 2.57509 
2.4799 2.58180 
2.4899 2.57143 
2.4999 2.56115 
2.5099 2.56446 
2.5199 2.56101 
2.5299 2.55424 
2.5399 2.56088 
2.5499 2.55749 
2.5599 2.55743 
2.5699 2.56068 
2.5799 2.57048 
2.5899 2.56383 
2.5999 2.56701 
2.6099 2.55718 
2.6199 2.56683 
2.6299 2.55707 
2.6399 2.54739 
2.6499 2.54098 
2.6599 2.55374 
2.6699 2.54735 
2.6799 2.53785 
2.6899 2.54417 
2.6999 2.53789 
2.7099 2.53166 
2.7199 2.52858 
2.7299 2.51932 
2.7399 2.51013 
2.7499 2.50100 
2.7599 2.50115 
2.7699 2.49212 
2.7799 2.48621 
2.7899 2.49250 
2.7999 2.49874 
2.8099 2.50192 
2.8199 2.49906 
2.8299 2.49922 
2.8399 2.49639 
2.8499 2.49656 
2.8599 2.50265 
2.8699 2.51462 
2.8799 2.52061 
2.8899 2.51188 
2.8999 2.52077 
2.9099 2.52959 
2.9199 2.53254 
2.9299 2.52969 
2.9399 2.54127 
2.9499 2.53553 
2.9599 2.54416 
2.9699 2.54987 
2.9799 2.55269 
2.9899 2.55550 
2.9999 2.54698 
3.0099 2.54134 
3.0199 2.54135 
3.0299 2.53856 
3.0399 2.53021 
3.0499 2.52191 
3.0599 2.51367 
3.0699 2.50548 
3.0799 2.49735 
3.0899 2.51945 
3.0999 2.53047 
3.1099 2.55778 
3.1199 2.57133 
3.1299 2.58208 
3.1399 2.57385 
3.1499 2.57914 
3.1599 2.58440 
3.1699 2.57625 
3.1799 2.56815 
3.1899 2.58402 
3.1999 2.58655 
3.2099 2.57849 
3.2199 2.57048 
3.2299 2.56252 
3.2399 2.55723 
3.2499 2.56502 
3.2599 2.55975 
3.2699 2.55451 
3.2799 2.54673 
3.2899 2.55445 
3.2999 2.55699 
3.3099 2.55183 
3.3199 2.55180 
3.3299 2.54923 
3.3399 2.55429 
3.3499 2.54920 
3.3599 2.55928 
3.3699 2.55169 
3.3799 2.54414 
3.3899 2.53913 
3.3999 2.53665 
3.4099 2.53916 
3.4199 2.53918 
3.4299 2.54166 
3.4399 2.53920 
3.4499 2.53184 
3.4599 2.53188 
3.4699 2.53436 
3.4799 2.53682 
3.4899 2.53198 
3.4999 2.52717 
3.5099 2.54172 
3.5199 2.54413 
3.5299 2.53933 
3.5399 2.53215 
3.5499 2.52980 
3.5599 2.52984 
3.5699 2.52275 
3.5799 2.52281 
3.5899 2.52523 
3.5999 2.52293 
3.6099 2.52534 
3.6199 2.53007 
3.6299 2.53712 
3.6399 2.53248 
3.6499 2.53251 
3.6599 2.52559 
3.6699 2.53026 
3.6799 2.53260 
3.6899 2.52804 
3.6999 2.53725 
3.7099 2.53041 
3.7199 2.52361 
3.7299 2.52821 
3.7399 2.52145 
3.7499 2.52829 
3.7599 2.52157 
3.7699 2.52388 
3.7799 2.51720 
3.7899 2.52175 
3.7999 2.52627 
3.8099 2.51964 
3.8199 2.51526 
3.8299 2.51977 
3.8399 2.51762 
3.8499 2.51769 
3.8599 2.52215 
3.8699 2.52221 
3.8799 2.52226 
3.8899 2.52014 
3.8999 2.51368 
3.9099 2.50942 
3.9199 2.51383 
3.9299 2.51607 
3.9399 2.52044 
3.9499 2.52480 
3.9599 2.52913 
3.9699 2.52489 
3.9799 2.52068 
3.9899 2.51649 
3.9999 2.51868 
4.0099 2.52297 
4.0199 2.52513 
4.0299 2.52728 
4.0399 2.53362 
4.0499 2.53783 
4.0599 2.53158 
4.0699 2.52744 
4.0799 2.52125 
4.0899 2.51509 
4.0999 2.50895 
4.1099 2.50904 
4.1199 2.51118 
4.1299 2.50510 
4.1399 2.49905 
4.1499 2.49916 
4.1599 2.49723 
4.1699 2.49530 
4.1799 2.49948 
4.1899 2.50970 
4.1999 2.50373 
4.2099 2.49980 
4.2199 2.50392 
4.2299 2.51003 
4.2399 2.52011 
4.2499 2.52216 
4.2599 2.52818 
4.2699 2.52425 
4.2799 2.51835 
4.2899 2.51841 
4.2999 2.53227 
4.3099 2.54214 
4.3199 2.54214 
4.3299 2.54215 
4.3399 2.54020 
4.3499 2.54021 
4.3599 2.54605 
4.3699 2.55769 
4.3799 2.55572 
4.3899 2.55376 
4.3999 2.54989 
4.4099 2.56141 
4.4199 2.55561 
4.4299 2.55176 
4.4399 2.55365 
4.4499 2.54982 
4.4599 2.55741 
4.4699 2.55359 
4.4799 2.54789 
4.4899 2.54788 
4.4999 2.54599 
4.5099 2.54222 
4.5199 2.54785 
4.5299 2.54972 
4.5399 2.54970 
4.5499 2.54969 
4.5599 2.54782 
4.5699 2.54967 
4.5799 2.54965 
4.5899 2.54410 
4.5999 2.54963 
4.6099 2.55146 
4.6199 2.54777 
4.6299 2.54959 
4.6399 2.54775 
4.6499 2.54957 
4.6599 2.55138 
4.6699 2.55136 
4.6799 2.55678 
4.6899 2.55314 
4.6999 2.55673 
4.7099 2.56390 
4.7199 2.57105 
4.7299 2.57816 
4.7399 2.57451 
4.7499 2.57623 
4.7599 2.57616 
4.7699 2.58143 
4.7799 2.57958 
4.7899 2.58481 
4.7999 2.58120 
4.8099 2.57583 
4.8199 2.59336 
4.8299 2.58799 
4.8399 2.58264 
4.8499 2.57731 
4.8599 2.58074 
4.8699 2.58937 
4.8799 2.60144 
4.8899 2.59612 
4.8999 2.59255 
4.9099 2.58727 
4.9199 2.58718 
4.9299 2.59053 
4.9399 2.60074 
4.9499 2.59549 
4.9599 2.59025 
4.9699 2.59357 
4.9799 2.59007 
4.9899 2.59507 
4.9999 2.59158 
5.0099 2.59656 
5.0199 2.59477 
5.0299 2.58961 
5.0399 2.58447 
5.0499 2.58439 
5.0599 2.58264 
5.0699 2.58758 
5.0799 2.58248 
5.0899 2.58074 
5.0999 2.57734 
5.1099 2.58060 
5.1199 2.57887 
5.1299 2.58046 
5.1399 2.58038 
5.1499 2.58690 
5.1599 2.59339 
5.1699 2.59165 
5.1799 2.59484 
5.1899 2.59474 
5.1999 2.59138 
5.2099 2.59617 
5.2199 2.59282 
5.2299 2.59435 
5.2399 2.59264 
5.2499 2.60224 
5.2599 2.59890 
5.2699 2.60040 
5.2799 2.60030 
5.2899 2.59859 
5.2999 2.60169 
5.3099 2.59838 
5.3199 2.59350 
5.3299 2.58863 
5.3399 2.58379 
5.3499 2.59164 
5.3599 2.59471 
5.3699 2.60251 
5.3799 2.60556 
5.3899 2.60072 
5.3999 2.60847 
5.4099 2.60365 
5.4199 2.59884 
5.4299 2.59718 
5.4399 2.60800 
5.4499 2.60477 
5.4599 2.60776 
5.4699 2.60609 
5.4799 2.61062 
5.4899 2.61359 
5.4999 2.61192 
5.5099 2.60718 
5.5199 2.60707 
5.5299 2.60542 
5.5399 2.60531 
5.5499 2.60214 
5.5599 2.60356 
5.5699 2.60346 
5.5799 2.60335 
5.5899 2.60931 
5.5999 2.60920 
5.6099 2.61059 
5.6199 2.61198 
5.6299 2.61939 
5.6399 2.61625 
5.6499 2.61162 
5.6599 2.61300 
5.6699 2.61736 
5.6799 2.61276 
5.6899 2.61263 
5.6999 2.61103 
5.7099 2.60645 
5.7199 2.60190 
5.7299 2.60032 
5.7399 2.60908 
5.7499 2.61044 
5.7599 2.61327 
5.7699 2.61462 
5.7799 2.62330 
5.7899 2.62756 
5.7999 2.63034 
5.8099 2.63019 
5.8199 2.62859 
5.8299 2.63280 
5.8399 2.64427 
5.8499 2.64990 
5.8599 2.65261 
5.8699 2.65098 
5.8799 2.64791 
5.8899 2.65350 
5.8999 2.65475 
5.9099 2.65456 
5.9199 2.65867 
5.9299 2.66134 
5.9399 2.67113 
5.9499 2.66949 
5.9599 2.66928 
5.9699 2.66481 
5.9799 2.66177 
5.9899 2.66158 
5.9999 2.66138 
6.0099 2.66965 
6.0199 2.67508 
6.0299 2.68330 
6.0399 2.68307 
6.0499 2.68564 
6.0599 2.68261 
6.0699 2.68517 
6.0799 2.68913 
6.0899 2.69167 
6.0999 2.68865 
6.1099 2.68425 
6.1199 2.67986 
6.1299 2.67826 
6.1399 2.68080 
6.1499 2.67644 
6.1599 2.67485 
6.1699 2.67052 
6.1799 2.66620 
6.1899 2.67011 
6.1999 2.66717 
6.2099 2.66424 
6.2199 2.66541 
6.2299 2.66521 
6.2399 2.66638 
6.2499 2.67025 
6.2599 2.66734 
6.2699 2.66579 
6.2799 2.66830 
6.2899 2.67350 
6.2999 2.67060 
6.3099 2.67040 
6.3199 2.66617 
6.3299 2.66196 
6.3399 2.65776 
6.3499 2.65358 
6.3599 2.64940 
6.3699 2.64524 
6.3799 2.64110 
6.3899 2.64493 
6.3999 2.64080 
6.4099 2.63668 
6.4199 2.63785 
6.4299 2.63507 
6.4399 2.63756 
6.4499 2.64267 
6.4599 2.64515 
6.4699 2.64761 
6.4799 2.65007 
6.4899 2.65121 
6.4999 2.65366 
6.5099 2.65479 
6.5199 2.65462 
6.5299 2.66224 
6.5399 2.66595 
6.5499 2.66318 
6.5599 2.65912 
6.5699 2.65507 
6.5799 2.65232 
6.5899 2.64959 
6.5999 2.64557 
6.6099 2.64670 
6.6199 2.64270 
6.6299 2.65279 
6.6399 2.64879 
6.6499 2.64481 
6.6599 2.64084 
6.6699 2.63688 
6.6799 2.63420 
6.6899 2.64040 
6.6999 2.64279 
6.7099 2.64517 
6.7199 2.64376 
6.7299 2.64235 
6.7399 2.63969 
6.7499 2.63578 
6.7599 2.63940 
6.7699 2.63801 
6.7799 2.63787 
6.7899 2.63399 
6.7999 2.63136 
6.8099 2.63372 
6.8199 2.62986 
6.8299 2.63470 
6.8399 2.63209 
6.8499 2.63072 
6.8599 2.63307 
6.8699 2.64281 
6.8799 2.63897 
6.8899 2.63760 
6.8999 2.63378 
6.9099 2.63610 
6.9199 2.63352 
6.9299 2.63584 
6.9399 2.64304 
6.9499 2.64656 
6.9599 2.64397 
6.9699 2.64505 
6.9799 2.64247 
6.9899 2.64112 
6.9999 2.64946 
7.0099 2.64689 
7.0199 2.64916 
7.0299 2.64780 
7.0399 2.65609 
7.0499 2.65232 
7.0599 2.65096 
7.0699 2.65201 
7.0799 2.64827 
7.0899 2.65410 
7.0999 2.65633 
7.1099 2.65618 
7.1199 2.65244 
7.1299 2.65586 
7.1399 2.65808 
7.1499 2.66029 
7.1599 2.66013 
7.1699 2.65642 
7.1799 2.65508 
7.1899 2.65611 
7.1999 2.65477 
7.2099 2.65227 
7.2199 2.64859 
7.2299 2.64962 
7.2399 2.65885 
7.2499 2.65869 
7.2599 2.65853 
7.2699 2.66187 
7.2799 2.66520 
7.2899 2.66736 
7.2999 2.66952 
7.3099 2.66819 
7.3199 2.67033 
7.3299 2.66900 
7.3399 2.66537 
7.3499 2.66174 
7.3599 2.66043 
7.3699 2.66487 
7.3799 2.66126 
7.3899 2.65766 
7.3999 2.65407 
7.4099 2.65163 
7.4199 2.65606 
7.4299 2.65248 
7.4399 2.64892 
7.4499 2.65219 
7.4599 2.65319 
7.4699 2.65304 
7.4799 2.65176 
7.4899 2.65501 
7.4999 2.65147 
7.5099 2.64794 
7.5199 2.65570 
7.5299 2.65555 
7.5399 2.65653 
7.5499 2.65525 
7.5599 2.65959 
7.5699 2.66168 
7.5799 2.66153 
7.5899 2.66472 
7.5999 2.66680 
7.6099 2.66552 
7.6199 2.66202 
7.6299 2.66187 
7.6399 2.65949 
7.6499 2.65934 
7.6599 2.65587 
7.6699 2.65462 
7.6799 2.65337 
7.6899 2.65543 
7.6999 2.65639 
7.7099 2.65954 
7.7199 2.65939 
7.7299 2.66254 
7.7399 2.66238 
7.7499 2.66551 
7.7599 2.66208 
7.7699 2.66193 
7.7799 2.66286 
7.7899 2.67033 
7.7999 2.67778 
7.8099 2.68087 
7.8199 2.68286 
7.8299 2.68268 
7.8399 2.68359 
7.8499 2.68557 
7.8599 2.68323 
7.8699 2.68629 
7.8799 2.68288 
7.8899 2.68593 
7.8999 2.68253 
7.9099 2.67914 
7.9199 2.68111 
7.9299 2.68307 
7.9399 2.68610 
7.9499 2.69126 
7.9599 2.69001 
7.9699 2.68769 
7.9799 2.68964 
7.9899 2.68627 
7.9999 2.68398 
8.0099 2.68380 
8.0199 2.68045 
8.0299 2.67712 
8.0399 2.67695 
8.0499 2.67362 
8.0599 2.67872 
8.0699 2.67646 
8.0799 2.67734 
8.0899 2.67718 
8.0999 2.67387 
8.1099 2.67476 
8.1199 2.67564 
8.1299 2.67235 
8.1399 2.67428 
8.1499 2.67203 
8.1599 2.66876 
8.1699 2.66653 
8.1799 2.66845 
8.1899 2.67037 
8.1999 2.67125 
8.2099 2.67420 
8.2199 2.67198 
8.2299 2.67182 
8.2399 2.66961 
8.2499 2.66637 
8.2599 2.66520 
8.2699 2.67120 
8.2799 2.66900 
8.2899 2.66578 
8.2999 2.66257 
8.3099 2.66549 
8.3199 2.66228 
8.3299 2.66112 
8.3399 2.65793 
8.3499 2.65881 
8.3599 2.65969 
8.3699 2.65955 
8.3799 2.66447 
8.3899 2.66332 
8.3999 2.66318 
8.4099 2.66102 
8.4199 2.66390 
8.4299 2.66476 
8.4399 2.66964 
8.4499 2.66950 
8.4599 2.66834 
8.4699 2.67020 
8.4799 2.66905 
8.4899 2.67190 
8.4999 2.67474 
8.5099 2.67559 
8.5199 2.67444 
8.5299 2.67329 
8.5399 2.67810 
8.5499 2.67497 
8.5599 2.67185 
8.5699 2.66873 
8.5799 2.66562 
8.5899 2.66251 
8.5999 2.65942 
8.6099 2.65633 
8.6199 2.65325 
8.6299 2.65607 
8.6399 2.65300 
8.6499 2.65483 
8.6599 2.65176 
8.6699 2.65555 
8.6799 2.65249 
8.6899 2.65725 
8.6999 2.65419 
8.7099 2.65115 
8.7199 2.64811 
8.7299 2.64507 
8.7399 2.64399 
8.7499 2.65066 
8.7599 2.65344 
8.7699 2.65718 
8.7799 2.66381 
8.7899 2.66271 
8.7999 2.66354 
8.8099 2.66340 
8.8199 2.66135 
8.8299 2.66602 
8.8399 2.66780 
8.8499 2.66670 
8.8599 2.67134 
8.8699 2.66833 
8.8799 2.66533 
8.8899 2.66233 
8.8999 2.66220 
8.9099 2.66397 
8.9199 2.66098 
8.9299 2.65990 
8.9399 2.66451 
8.9499 2.66154 
8.9599 2.66046 
8.9699 2.65749 
8.9799 2.65548 
8.9899 2.65441 
8.9999 2.65429 
9.0099 2.65228 
9.0199 2.65028 
9.0299 2.64735 
9.0399 2.64630 
9.0499 2.64712 
9.0599 2.65075 
9.0699 2.65157 
9.0799 2.64865 
9.0899 2.64573 
9.0999 2.64749 
9.1099 2.64551 
9.1199 2.64633 
9.1299 2.64343 
9.1399 2.64796 
9.1499 2.65248 
9.1599 2.64958 
9.1699 2.64670 
9.1799 2.64843 
9.1899 2.64739 
9.1999 2.64913 
9.2099 2.65085 
9.2199 2.64798 
9.2299 2.64786 
9.2399 2.64775 
9.2499 2.64489 
9.2599 2.64295 
9.2699 2.64376 
9.2799 2.64456 
9.2899 2.64628 
9.2999 2.64800 
9.3099 2.65062 
9.3199 2.65141 
9.3299 2.65402 
9.3399 2.65391 
9.3499 2.65107 
9.3599 2.65095 
9.3699 2.65265 
9.3799 2.65705 
9.3899 2.65603 
9.3999 2.65411 
9.4099 2.65309 
9.4199 2.65207 
9.4299 2.64926 
9.4399 2.64645 
9.4499 2.64724 
9.4599 2.65520 
9.4699 2.65777 
9.4799 2.65944 
9.4899 2.65664 
9.4999 2.65562 
9.5099 2.66086 
9.5199 2.65984 
9.5299 2.66061 
9.5399 2.66316 
9.5499 2.66303 
9.5599 2.66025 
9.5699 2.65747 
9.5799 2.65469 
9.5899 2.65192 
9.5999 2.65446 
9.6099 2.66141 
9.6199 2.65952 
9.6299 2.65764 
9.6399 2.65928 
9.6499 2.66092 
9.6599 2.66080 
9.6699 2.66068 
9.6799 2.66319 
9.6899 2.66044 
9.6999 2.66294 
9.7099 2.66194 
9.7199 2.66182 
9.7299 2.66519 
9.7399 2.66506 
9.7499 2.66233 
9.7599 2.65960 
9.7699 2.65688 
9.7799 2.65937 
9.7899 2.66011 
9.7999 2.66259 
9.8099 2.66333 
9.8199 2.66839 
9.8299 2.66740 
9.8399 2.66814 
9.8499 2.66715 
9.8599 2.66617 
9.8699 2.66776 
9.8799 2.66764 
9.8899 2.66494 
9.8999 2.66825 
9.9099 2.66641 
9.9199 2.66372 
9.9299 2.66360 
9.9399 2.66689 
9.9499 2.66506 
9.9599 2.66239 
9.9699 2.65972 
9.9799 2.65790 
9.9899 2.65609 
9.9999 2.65344 
