0.01 11.92 
0.02 7.65600 
0.0299 5.10400 
0.0400 3.82800 
0.0500 3.06239 
0.0600 2.552 
0.0700 2.18742 
0.0800 1.91400 
0.0899 1.70133 
0.0999 1.53120 
0.1099 1.39200 
0.1199 1.27600 
0.1299 1.17784 
0.1399 1.09371 
0.1499 1.02080 
0.16 0.95700 
0.1700 0.90070 
0.1800 0.85066 
0.1900 0.80589 
0.2000 0.76559 
0.2100 0.72914 
0.2200 0.96581 
0.2300 2.02991 
0.2400 3.28799 
0.2500 4.47935 
0.2600 5.28553 
0.2700 6.09481 
0.2800 6.87657 
0.2900 7.57517 
0.3000 8.14239 
0.3100 7.90709 
0.3200 7.65999 
0.3300 7.42787 
0.3400 7.20941 
0.3500 7.00342 
0.3600 6.80888 
0.3700 6.62486 
0.3800 6.45052 
0.3900 6.28512 
0.4000 6.12799 
0.4100 5.97853 
0.4200 5.83619 
0.4300 5.70046 
0.4400 5.57090 
0.4500 5.44711 
0.4600 5.32869 
0.4700 5.21531 
0.4800 5.10666 
0.4900 5.00244 
0.5000 4.90239 
0.5100 5.00580 
0.5200 5.38246 
0.5300 5.56890 
0.5400 5.98399 
0.5500 6.33774 
0.5600 6.81514 
0.5700 7.39480 
0.5800 7.80827 
0.5900 8.33708 
0.6000 8.83413 
0.6100 9.31488 
0.6200 9.58864 
0.6300 10.0286 
0.6400 10.3224 
0.6500 10.7377 
0.6600 10.7806 
0.6700 10.8854 
0.6800 11.1992 
0.6900 11.4425 
0.7000 11.7878 
0.7100 12.2190 
0.7200 12.4615 
0.7300 12.4418 
0.7400 12.7550 
0.7500 13.1955 
0.7600 13.5016 
0.7700 13.6787 
0.7800 13.7099 
0.7900 13.9657 
0.8000 13.9501 
0.8100 13.7779 
0.8200 13.6099 
0.8300 13.4459 
0.8400 13.2859 
0.8500 13.1295 
0.8600 12.9769 
0.8700 12.8277 
0.8800 12.6819 
0.8900 12.5395 
0.9000 12.4001 
0.9100 12.2639 
0.9200 12.1306 
0.9300 12.0001 
0.9400 11.8725 
0.9500 11.7475 
0.9600 11.6251 
0.9700 11.5053 
0.9800 11.3879 
0.9900 11.2728 
1.0000 11.1686 
1.0100 11.2847 
1.0200 11.4318 
1.0300 11.5925 
1.0400 11.8235 
1.0500 12.1066 
1.0600 12.0324 
1.0700 11.9199 
1.0800 11.8096 
1.0900 11.7012 
1.1000 11.5949 
1.1100 11.4904 
1.1200 11.3878 
1.1300 11.2870 
1.1400 11.1880 
1.1500 11.0907 
1.1600 10.9951 
1.1700 10.9011 
1.1800 10.8088 
1.1900 10.7179 
1.2000 10.6286 
1.2100 10.5408 
1.2200 10.4544 
1.2300 10.3694 
1.2400 10.2858 
1.2500 10.2035 
1.2600 10.1427 
1.2700 10.1897 
1.2800 10.3684 
1.2900 10.5050 
1.3000 10.6982 
1.3100 10.9466 
1.3200 10.9858 
1.3300 11.1136 
1.3400 11.2838 
1.3500 11.4263 
1.3600 11.6229 
1.3700 11.8599 
1.3800 12.0136 
1.3900 12.1224 
1.4000 12.2963 
1.4100 12.4256 
1.4200 12.6068 
1.4300 12.7440 
1.4400 12.6614 
1.4500 12.5741 
1.4600 12.4879 
1.4700 12.4030 
1.4800 12.3192 
1.4900 12.2365 
1.5000 12.1549 
1.5100 12.0744 
1.5200 11.9950 
1.5300 11.9166 
1.5400 11.8392 
1.5500 11.7628 
1.5600 11.6874 
1.5700 11.6130 
1.5800 11.5395 
1.5900 11.4669 
1.6000 11.3952 
1.6100 11.3245 
1.6200 11.2546 
1.6300 11.1855 
1.6400 11.1432 
1.6500 11.1938 
1.6600 11.2950 
1.6700 11.4609 
1.6800 11.5391 
1.6900 11.7217 
1.7000 11.8323 
1.7100 11.9119 
1.7200 12.1089 
1.7300 12.2006 
1.7400 12.3108 
1.7500 12.4101 
1.7600 12.5227 
1.7700 12.7058 
1.7800 12.7917 
1.7900 12.8813 
1.8000 12.9652 
1.8100 13.0810 
1.8200 13.2421 
1.8300 13.3875 
1.8400 13.4760 
1.8500 13.5682 
1.8600 13.6320 
1.8700 13.7677 
1.8800 13.8975 
1.8900 13.9316 
1.9000 13.8583 
1.9100 13.7858 
1.9200 13.7139 
1.9300 13.6429 
1.9400 13.5726 
1.9500 13.5030 
1.9600 13.4341 
1.9700 13.3659 
1.9800 13.2984 
1.9900 13.2315 
2.0000 13.1654 
2.0100 13.0999 
2.0200 13.0350 
2.0300 12.9708 
2.0400 12.9072 
2.0500 12.8443 
2.0600 12.7819 
2.0699 12.7202 
2.0799 12.6590 
2.0899 12.5985 
2.0999 12.6313 
2.1099 12.6679 
2.1199 12.7842 
2.1299 12.8914 
2.1399 12.9579 
2.1499 13.0870 
2.1599 13.2227 
2.1699 13.3493 
2.1799 13.3581 
2.1899 13.4752 
2.1999 13.5412 
2.2099 13.6411 
2.2199 13.7057 
2.2299 13.7811 
2.2399 13.8786 
2.2499 13.9752 
2.2599 14.0334 
2.2699 13.9828 
2.2799 13.9215 
2.2899 13.8607 
2.2999 13.8004 
2.3099 13.7407 
2.3199 13.6815 
2.3299 13.6227 
2.3399 13.5645 
2.3499 13.5068 
2.3599 13.4496 
2.3699 13.3928 
2.3799 13.3366 
2.3899 13.2808 
2.3999 13.2254 
2.4099 13.1705 
2.4199 13.1161 
2.4299 13.0621 
2.4399 13.0086 
2.4499 12.9555 
2.4599 12.9028 
2.4699 12.9090 
2.4799 12.9595 
2.4899 13.0096 
2.4999 13.0458 
2.5099 13.0918 
2.5199 13.2081 
2.5299 13.2598 
2.5399 13.3177 
2.5499 13.4285 
2.5599 13.5019 
2.5699 13.6011 
2.5799 13.6667 
2.5899 13.7515 
2.5999 13.8356 
2.6099 13.8930 
2.6199 13.9630 
2.6299 14.0486 
2.6399 14.1367 
2.6499 14.1889 
2.6599 14.2599 
2.6699 14.3208 
2.6799 14.4098 
2.6899 14.4067 
2.6999 14.4695 
2.7099 14.5726 
2.7199 14.6655 
2.7299 14.6118 
2.7399 14.5585 
2.7499 14.5056 
2.7599 14.4530 
2.7699 14.4008 
2.7799 14.3490 
2.7899 14.2976 
2.7999 14.2465 
2.8099 14.1958 
2.8199 14.1455 
2.8299 14.0955 
2.8399 14.0459 
2.8499 13.9966 
2.8599 13.9476 
2.8699 13.8990 
2.8799 13.8508 
2.8899 13.8029 
2.8999 13.7553 
2.9099 13.7080 
2.9199 13.6610 
2.9299 13.6984 
2.9399 13.7268 
2.9499 13.7320 
2.9599 13.8030 
2.9699 13.8765 
2.9799 13.9494 
2.9899 13.9907 
2.9999 14.0713 
3.0099 14.1175 
3.0199 14.1887 
3.0299 14.2734 
3.0399 14.3241 
3.0499 14.4050 
3.0599 14.4826 
3.0699 14.5266 
3.0799 14.6143 
3.0899 14.5780 
3.0999 14.5310 
3.1099 14.4843 
3.1199 14.4378 
3.1299 14.3917 
3.1399 14.3459 
3.1499 14.3003 
3.1599 14.2551 
3.1699 14.2101 
3.1799 14.1654 
3.1899 14.1210 
3.1999 14.0769 
3.2099 14.0330 
3.2199 13.9895 
3.2299 13.9462 
3.2399 13.9031 
3.2499 13.8603 
3.2599 13.8178 
3.2699 13.7756 
3.2799 13.7336 
3.2899 13.6995 
3.2999 13.7403 
3.3099 13.7935 
3.3199 13.8440 
3.3299 13.8457 
3.3399 13.8042 
3.3499 13.7630 
3.3599 13.7220 
3.3699 13.6813 
3.3799 13.6408 
3.3899 13.6006 
3.3999 13.5606 
3.4099 13.5208 
3.4199 13.4813 
3.4299 13.4420 
3.4399 13.4029 
3.4499 13.3641 
3.4599 13.3255 
3.4699 13.2871 
3.4799 13.2489 
3.4899 13.2109 
3.4999 13.1732 
3.5099 13.1356 
3.5199 13.0983 
3.5299 13.0636 
3.5399 13.0890 
3.5499 13.1333 
3.5599 13.1584 
3.5699 13.2070 
3.5799 13.2388 
3.5899 13.2634 
3.5999 13.2666 
3.6099 13.3144 
3.6199 13.3455 
3.6299 13.3789 
3.6399 13.4493 
3.6499 13.4821 
3.6599 13.4476 
3.6699 13.4110 
3.6799 13.3745 
3.6899 13.3383 
3.6999 13.3022 
3.7099 13.2664 
3.7199 13.2307 
3.7299 13.1952 
3.7399 13.1600 
3.7499 13.1249 
3.7599 13.0900 
3.7699 13.0552 
3.7799 13.0207 
3.7899 12.9863 
3.7999 12.9522 
3.8099 12.9182 
3.8199 12.8843 
3.8299 12.8507 
3.8399 12.8172 
3.8499 12.7840 
3.8599 12.7662 
3.8699 12.7792 
3.8799 12.8031 
3.8899 12.8378 
3.8999 12.9049 
3.9099 12.9218 
3.9199 12.9753 
3.9299 13.0135 
3.9399 13.0709 
3.9499 13.1430 
3.9599 13.1719 
3.9699 13.2370 
3.9799 13.2698 
3.9899 13.3364 
3.9999 13.3094 
4.0099 13.2762 
4.0199 13.2432 
4.0299 13.2104 
4.0399 13.1777 
4.0499 13.1451 
4.0599 13.1127 
4.0699 13.0805 
4.0799 13.0485 
4.0899 13.0166 
4.0999 12.9848 
4.1099 12.9532 
4.1199 12.9218 
4.1299 12.8905 
4.1399 12.8594 
4.1499 12.8284 
4.1599 12.7975 
4.1699 12.7668 
4.1799 12.7363 
4.1899 12.7059 
4.1999 12.6898 
4.2099 12.7261 
4.2199 12.7783 
4.2299 12.8263 
4.2399 12.8921 
4.2499 12.9336 
4.2599 12.9629 
4.2699 13.0398 
4.2799 13.1064 
4.2899 13.1530 
4.2999 13.1934 
4.3099 13.2513 
4.3199 13.3090 
4.3299 13.3624 
4.3399 13.4137 
4.3499 13.4472 
4.3599 13.4825 
4.3699 13.5021 
4.3799 13.5293 
4.3899 13.5642 
4.3999 13.5912 
4.4099 13.6142 
4.4199 13.6563 
4.4299 13.7001 
4.4399 13.6827 
4.4499 13.6519 
4.4599 13.6213 
4.4699 13.5908 
4.4799 13.5605 
4.4899 13.5303 
4.4999 13.5002 
4.5099 13.4703 
4.5199 13.4405 
4.5299 13.4108 
4.5399 13.3813 
4.5499 13.3519 
4.5599 13.3226 
4.5699 13.2934 
4.5799 13.2644 
4.5899 13.2355 
4.5999 13.2067 
4.6099 13.1781 
4.6199 13.1496 
4.6299 13.1212 
4.6399 13.0984 
4.6499 13.1304 
4.6599 13.1386 
4.6699 13.1795 
4.6799 13.2111 
4.6899 13.2878 
4.6999 13.3209 
4.7099 13.3232 
4.7199 13.2950 
4.7299 13.2669 
4.7399 13.2389 
4.7499 13.2110 
4.7599 13.1832 
4.7699 13.1556 
4.7799 13.1281 
4.7899 13.1007 
4.7999 13.0734 
4.8099 13.0462 
4.8199 13.0191 
4.8299 12.9922 
4.8399 12.9653 
4.8499 12.9386 
4.8599 12.9120 
4.8699 12.8855 
4.8799 12.8591 
4.8899 12.8328 
4.8999 12.8066 
4.9099 12.7926 
4.9199 12.8148 
4.9299 12.8542 
4.9399 12.8900 
4.9499 12.9410 
4.9599 12.9714 
4.9699 12.9965 
4.9799 13.0487 
4.9899 13.0990 
4.9999 13.1322 
