0.01 3.834 
0.02 4.569 
0.0299 4.095 
0.0400 5.123 
0.0500 8.168 
0.0600 12.21 
0.0700 8.265 
0.0800 7.577 
0.0899 4.920 
0.0999 2.9 
0.1099 4.164 
0.1199 4.095 
0.1299 3.244 
0.1399 7.304 
0.1499 2 
0.16 4.847 
0.1700 4.847 
0.1800 4.847 
0.1900 4.847 
0.2000 4.847 
0.2100 4.847 
0.2200 4.847 
0.2300 4.847 
0.2400 4.847 
0.2500 4.847 
0.2600 4.847 
0.2700 4.847 
0.2800 4.847 
0.2900 4.847 
0.3000 4.847 
0.3100 4.847 
0.3200 4.847 
0.3300 4.847 
0.3400 4.847 
0.3500 4.847 
0.3600 5.197 
0.3700 1 
0.3800 2.9 
0.3900 2 
0.4000 6.097 
0.4100 10.57 
0.4200 8.575 
0.4300 1 
0.4400 7.612 
0.4500 6.143 
0.4600 6.672 
0.4700 4.164 
0.4800 5.928 
0.4900 6.097 
0.5000 4.631 
0.5100 4.095 
0.5200 6.143 
0.5300 2.9 
0.5400 4.404 
0.5500 9.282 
0.5600 6.730 
0.5700 8.125 
0.5800 5.123 
0.5900 1 
0.6000 1 
0.6100 4.404 
0.6200 1 
0.6300 2 
0.6400 5.053 
0.6500 3.244 
0.6600 3.244 
0.6700 5.575 
0.6800 10.28 
0.6900 6.422 
0.7000 4.164 
0.7100 4.164 
0.7200 4.164 
0.7300 4.164 
0.7400 4.164 
0.7500 4.164 
0.7600 4.164 
0.7700 4.164 
0.7800 4.164 
0.7900 4.164 
0.8000 4.164 
0.8100 4.164 
0.8200 4.164 
0.8300 4.164 
0.8400 4.164 
0.8500 4.164 
0.8600 4.164 
0.8700 4.164 
0.8800 4.164 
0.8900 4.164 
0.9000 4.095 
0.9100 4.095 
0.9200 9.251 
0.9300 4.404 
0.9400 4.569 
0.9500 1 
0.9600 4.164 
0.9700 4.788 
0.9800 4.847 
0.9900 9.496 
1.0000 4.631 
1.0100 4.997 
1.0200 7.576 
1.0300 2 
1.0400 1 
1.0500 6.619 
1.0600 1 
1.0700 4.404 
1.0800 4.404 
1.0900 4.404 
1.1000 4.404 
1.1100 4.404 
1.1200 4.404 
1.1300 4.404 
1.1400 4.404 
1.1500 4.404 
1.1600 4.404 
1.1700 4.404 
1.1800 4.404 
1.1900 4.404 
1.2000 4.404 
1.2100 4.404 
1.2200 4.404 
1.2300 4.404 
1.2400 4.404 
1.2500 4.404 
1.2600 4.404 
1.2700 2 
1.2800 4.164 
1.2900 4.631 
1.3000 4.631 
1.3100 4.631 
1.3200 4.631 
1.3300 4.631 
1.3400 4.631 
1.3500 4.631 
1.3600 4.631 
1.3700 4.631 
1.3800 4.631 
1.3900 4.631 
1.4000 4.631 
1.4100 4.631 
1.4200 4.631 
1.4300 4.631 
1.4400 4.631 
1.4500 4.631 
1.4600 4.631 
1.4700 4.631 
1.4800 4.631 
1.4900 3.553 
1.5000 3.244 
1.5100 4.095 
1.5200 4.339 
1.5300 4.164 
1.5400 4.569 
1.5500 8.090 
1.5600 6.422 
1.5700 11.30 
1.5800 5 
1.5900 5 
1.6000 5 
1.6100 5 
1.6200 5 
1.6300 5 
1.6400 5 
1.6500 5 
1.6600 5 
1.6700 5 
1.6800 5 
1.6900 5 
1.7000 5 
1.7100 5 
1.7200 5 
1.7300 5 
1.7400 5 
1.7500 5 
1.7600 5 
1.7700 5 
1.7800 5.575 
1.7900 7.441 
1.8000 4.404 
1.8100 5.507 
1.8200 5.442 
1.8300 4.095 
1.8400 1 
1.8500 1 
1.8600 1 
1.8700 1 
1.8800 1 
1.8900 1 
1.9000 1 
1.9100 1 
1.9200 1 
1.9300 1 
1.9400 1 
1.9500 1 
1.9600 1 
1.9700 1 
1.9800 1 
1.9900 1 
2.0000 1 
2.0100 1 
2.0200 1 
2.0300 1 
2.0400 2.9 
2.0500 1 
2.0600 8.574 
2.0699 1 
2.0799 1 
2.0899 1 
2.0999 1 
2.1099 1 
2.1199 1 
2.1299 1 
2.1399 1 
2.1499 1 
2.1599 1 
2.1699 1 
2.1799 1 
2.1899 1 
2.1999 1 
2.2099 1 
2.2199 1 
2.2299 1 
2.2399 1 
2.2499 1 
2.2599 1 
2.2699 1 
2.2799 1 
2.2899 2.9 
2.2999 4.095 
2.3099 4.095 
2.3199 4.095 
2.3299 4.095 
2.3399 4.095 
2.3499 4.095 
2.3599 4.095 
2.3699 4.095 
2.3799 4.095 
2.3899 4.095 
2.3999 4.095 
2.4099 4.095 
2.4199 4.095 
2.4299 4.095 
2.4399 4.095 
2.4499 4.095 
2.4599 4.095 
2.4699 4.095 
2.4799 4.095 
2.4899 4.095 
2.4999 3.244 
2.5099 4.404 
2.5199 10.30 
2.5299 9.468 
2.5399 6.422 
2.5499 6.422 
2.5599 6.422 
2.5699 6.422 
2.5799 6.422 
2.5899 6.422 
2.5999 6.422 
2.6099 6.422 
2.6199 6.422 
2.6299 6.422 
2.6399 6.422 
2.6499 6.422 
2.6599 6.422 
2.6699 6.422 
2.6799 6.422 
2.6899 6.422 
2.6999 6.422 
2.7099 6.422 
2.7199 6.422 
2.7299 6.422 
2.7399 1 
2.7499 3.834 
2.7599 9.676 
2.7699 1 
2.7799 4.095 
2.7899 1 
2.7999 5.754 
2.8099 4.404 
2.8199 4.847 
2.8299 1 
2.8399 8.369 
2.8499 7.659 
2.8599 6.770 
2.8699 10.59 
2.8799 8.506 
2.8899 8.044 
2.8999 1 
2.9099 1 
2.9199 4.631 
2.9299 5.442 
2.9399 1 
2.9499 3.633 
2.9599 5.975 
2.9699 5.625 
2.9799 3.244 
2.9899 4.164 
2.9999 7.441 
3.0099 6.519 
3.0199 9.741 
3.0299 5.757 
3.0399 5.757 
3.0499 5.757 
3.0599 5.757 
3.0699 5.757 
3.0799 5.757 
3.0899 5.757 
3.0999 5.757 
3.1099 5.757 
3.1199 5.757 
3.1299 5.757 
3.1399 5.757 
3.1499 5.757 
3.1599 5.757 
3.1699 5.757 
3.1799 5.757 
3.1899 5.757 
3.1999 5.757 
3.2099 5.757 
3.2199 5.757 
3.2299 2.9 
3.2399 3.834 
3.2499 6.576 
3.2599 4.920 
3.2699 4.920 
3.2799 4.920 
3.2899 4.920 
3.2999 4.920 
3.3099 4.920 
3.3199 4.920 
3.3299 4.920 
3.3399 4.920 
3.3499 4.920 
3.3599 4.920 
3.3699 4.920 
3.3799 4.920 
3.3899 4.920 
3.3999 4.920 
3.4099 4.920 
3.4199 4.920 
3.4299 4.920 
3.4399 4.920 
3.4499 4.920 
3.4599 2.9 
3.4699 5.625 
3.4799 3 
3.4899 5.688 
3.4999 4.788 
3.5099 7.304 
3.5199 6.770 
3.5299 5.2 
3.5399 5.2 
3.5499 3.553 
3.5599 4.997 
3.5699 3.834 
3.5799 3.834 
3.5899 3.834 
3.5999 3.834 
3.6099 3.834 
3.6199 3.834 
3.6299 3.834 
3.6399 3.834 
3.6499 3.834 
3.6599 3.834 
3.6699 3.834 
3.6799 3.834 
3.6899 3.834 
3.6999 3.834 
3.7099 3.834 
3.7199 3.834 
3.7299 3.834 
3.7399 3.834 
3.7499 3.834 
3.7599 3.834 
3.7699 4.569 
3.7799 5.754 
3.7899 4.404 
3.7999 4.164 
3.8099 4.847 
3.8199 9.496 
3.8299 13.58 
3.8399 15.64 
3.8499 8.437 
3.8599 4.25 
3.8699 4.25 
3.8799 4.25 
3.8899 4.25 
3.8999 4.25 
3.9099 4.25 
3.9199 4.25 
3.9299 4.25 
3.9399 4.25 
3.9499 4.25 
3.9599 4.25 
3.9699 4.25 
3.9799 4.25 
3.9899 4.25 
3.9999 4.25 
4.0099 4.25 
4.0199 4.25 
4.0299 4.25 
4.0399 4.25 
4.0499 4.25 
4.0599 4.788 
4.0699 10.18 
4.0799 4.164 
4.0899 3.834 
4.0999 5.575 
4.1099 3.834 
4.1199 4.339 
4.1299 1 
4.1399 4.404 
4.1499 5.197 
4.1599 9.142 
4.1699 1 
4.1799 5.757 
4.1899 3.333 
4.1999 4.339 
4.2099 4.847 
4.2199 6.770 
4.2299 5.390 
4.2399 3.553 
4.2499 4.164 
4.2599 6.306 
4.2699 4.095 
4.2799 1 
4.2899 4.339 
4.2999 1 
4.3099 4.847 
4.3199 4.847 
4.3299 4.847 
4.3399 4.847 
4.3499 4.847 
4.3599 4.847 
4.3699 4.847 
4.3799 4.847 
4.3899 4.847 
4.3999 4.847 
4.4099 4.847 
4.4199 4.847 
4.4299 4.847 
4.4399 4.847 
4.4499 4.847 
4.4599 4.847 
4.4699 4.847 
4.4799 4.847 
4.4899 4.847 
4.4999 4.847 
4.5099 4.847 
4.5199 2 
4.5299 5.197 
4.5399 3.553 
4.5499 5.197 
4.5599 8.090 
4.5699 11.12 
4.5799 7.362 
4.5899 9.404 
4.5999 1 
4.6099 4.631 
4.6199 6.770 
4.6299 4.920 
4.6399 5.864 
4.6499 4.339 
4.6599 7.304 
4.6699 7.918 
4.6799 5.688 
4.6899 5.803 
4.6999 4.404 
4.7099 5.754 
4.7199 8.806 
4.7299 1 
4.7399 6.200 
4.7499 5.975 
4.7599 3.553 
4.7699 3.553 
4.7799 3.553 
4.7899 3.553 
4.7999 3.553 
4.8099 3.553 
4.8199 3.553 
4.8299 3.553 
4.8399 3.553 
4.8499 3.553 
4.8599 3.553 
4.8699 3.553 
4.8799 3.553 
4.8899 3.553 
4.8999 3.553 
4.9099 3.553 
4.9199 3.553 
4.9299 3.553 
4.9399 3.553 
4.9499 3.553 
4.9599 3.553 
4.9699 2 
4.9799 2 
4.9899 2 
4.9999 2 
5.0099 2 
5.0199 2 
5.0299 2 
5.0399 2 
5.0499 2 
5.0599 2 
5.0699 2 
5.0799 2 
5.0899 2 
5.0999 2 
5.1099 2 
5.1199 2 
5.1299 2 
5.1399 2 
5.1499 2 
5.1599 2 
5.1699 2 
5.1799 2 
5.1899 2 
5.1999 2 
5.2099 2 
5.2199 2 
5.2299 2 
5.2399 2 
5.2499 2 
5.2599 2 
5.2699 2 
5.2799 2 
5.2899 2 
5.2999 2 
5.3099 2 
5.3199 2 
5.3299 2 
5.3399 2 
5.3499 2 
5.3599 2 
5.3699 2.9 
5.3799 4.339 
5.3899 3.553 
5.3999 4.997 
5.4099 4.997 
5.4199 3.834 
5.4299 5.975 
5.4399 5.625 
5.4499 5.754 
5.4599 3.834 
5.4699 6.576 
5.4799 6.099 
5.4899 5.688 
5.4999 5.625 
5.5099 6.519 
5.5199 4.847 
5.5299 4.847 
5.5399 4.847 
5.5499 4.847 
5.5599 4.847 
5.5699 4.847 
5.5799 4.847 
5.5899 4.847 
5.5999 4.847 
5.6099 4.847 
5.6199 4.847 
5.6299 4.847 
5.6399 4.847 
5.6499 4.847 
5.6599 4.847 
5.6699 4.847 
5.6799 4.847 
5.6899 4.847 
5.6999 4.847 
5.7099 4.847 
5.7199 3.244 
5.7299 3.834 
5.7399 8.336 
5.7499 4.847 
5.7599 1 
5.7699 3.553 
5.7799 5.390 
5.7899 1 
5.7999 4.631 
5.8099 1 
5.8199 2 
5.8299 6.097 
5.8399 5.319 
5.8499 5.319 
5.8599 9.211 
5.8699 5.319 
5.8799 5.319 
5.8899 5.319 
5.8999 5.319 
5.9099 5.319 
5.9199 5.319 
5.9299 5.319 
5.9399 5.319 
5.9499 5.319 
5.9599 5.319 
5.9699 5.319 
5.9799 5.319 
5.9899 5.319 
5.9999 5.319 
6.0099 5.319 
6.0199 5.319 
6.0299 5.319 
6.0399 5.319 
6.0499 5.319 
6.0599 5.319 
6.0699 5.754 
6.0799 6.464 
6.0899 4.404 
6.0999 4.847 
6.1099 4.847 
6.1199 4.847 
6.1299 4.847 
6.1399 4.847 
6.1499 4.847 
6.1599 4.847 
6.1699 4.847 
6.1799 4.847 
6.1899 4.847 
6.1999 4.847 
6.2099 4.847 
6.2199 4.847 
6.2299 4.847 
6.2399 4.847 
6.2499 4.847 
6.2599 4.847 
6.2699 4.847 
6.2799 4.847 
6.2899 4.847 
6.2999 4.095 
6.3099 4.339 
6.3199 3.834 
6.3299 5.442 
6.3399 1 
6.3499 1 
6.3599 1 
6.3699 4.095 
6.3799 5.507 
6.3899 7.112 
6.3999 4.485 
6.4099 5.507 
6.4199 10.24 
6.4299 8.143 
6.4399 5.507 
6.4499 4.164 
6.4599 9.172 
6.4699 2 
6.4799 8.216 
6.4899 5.930 
6.4999 5.930 
6.5099 5.930 
6.5199 5.930 
6.5299 5.930 
6.5399 5.930 
6.5499 5.930 
6.5599 5.930 
6.5699 5.930 
6.5799 5.930 
6.5899 5.930 
6.5999 5.930 
6.6099 5.930 
6.6199 5.930 
6.6299 5.930 
6.6399 5.930 
6.6499 5.930 
6.6599 5.930 
6.6699 5.930 
6.6799 5.930 
6.6899 1 
6.6999 4.788 
6.7099 4.920 
6.7199 3.244 
6.7299 1 
6.7399 5.053 
6.7499 1 
6.7599 1 
6.7699 4.631 
6.7799 4.404 
6.7899 5.803 
6.7999 4.095 
6.8099 4.095 
6.8199 4.095 
6.8299 4.095 
6.8399 4.095 
6.8499 4.095 
6.8599 4.095 
6.8699 4.095 
6.8799 4.095 
6.8899 4.095 
6.8999 4.095 
6.9099 4.095 
6.9199 4.095 
6.9299 4.095 
6.9399 4.095 
6.9499 4.095 
6.9599 4.095 
6.9699 4.095 
6.9799 4.095 
6.9899 4.095 
6.9999 3.553 
7.0099 8.456 
7.0199 5.625 
7.0299 1 
7.0399 4.631 
7.0499 5.575 
7.0599 4.997 
7.0699 9.466 
7.0799 6.361 
7.0899 11.00 
7.0999 6.938 
7.1099 4.847 
7.1199 1 
7.1299 1 
7.1399 1 
7.1499 4.404 
7.1599 4.095 
7.1699 4.095 
7.1799 4.095 
7.1899 4.095 
7.1999 4.095 
7.2099 4.095 
7.2199 4.095 
7.2299 4.095 
7.2399 4.095 
7.2499 4.095 
7.2599 4.095 
7.2699 4.095 
7.2799 4.095 
7.2899 4.095 
7.2999 4.095 
7.3099 4.095 
7.3199 4.095 
7.3299 4.095 
7.3399 4.095 
7.3499 4.095 
7.3599 2 
7.3699 5.575 
7.3799 4.164 
7.3899 5.625 
7.3999 6.200 
7.4099 5.319 
7.4199 9.211 
7.4299 6.968 
7.4399 3.244 
7.4499 4.569 
7.4599 5.507 
7.4699 6.034 
7.4799 4.631 
7.4899 9.496 
7.4999 6 
7.5099 6 
7.5199 6 
7.5299 6 
7.5399 6 
7.5499 6 
7.5599 6 
7.5699 6 
7.5799 6 
7.5899 6 
7.5999 6 
7.6099 6 
7.6199 6 
7.6299 6 
7.6399 6 
7.6499 6 
7.6599 6 
7.6699 6 
7.6799 6 
7.6899 6 
7.6999 3 
7.7099 3.834 
7.7199 3.834 
7.7299 3.834 
7.7399 3.834 
7.7499 3.834 
7.7599 3.834 
7.7699 3.834 
7.7799 3.834 
7.7899 3.834 
7.7999 3.834 
7.8099 3.834 
7.8199 3.834 
7.8299 3.834 
7.8399 3.834 
7.8499 3.834 
7.8599 3.834 
7.8699 3.834 
7.8799 3.834 
7.8899 3.834 
7.8999 3.834 
7.9099 3.553 
7.9199 6.261 
7.9299 1 
7.9399 4.631 
7.9499 4.095 
7.9599 5.319 
7.9699 4.847 
7.9799 3.553 
7.9899 7.441 
7.9999 3.553 
8.0099 1 
8.0199 1 
8.0299 1 
8.0399 1 
8.0499 1 
8.0599 1 
8.0699 1 
8.0799 1 
8.0899 1 
8.0999 1 
8.1099 1 
8.1199 1 
8.1299 1 
8.1399 1 
8.1499 1 
8.1599 1 
8.1699 1 
8.1799 1 
8.1899 1 
8.1999 1 
8.2099 1 
8.2199 1 
8.2299 4.095 
8.2399 4.095 
8.2499 4.095 
8.2599 4.095 
8.2699 4.095 
8.2799 4.095 
8.2899 4.095 
8.2999 4.095 
8.3099 4.095 
8.3199 4.095 
8.3299 4.095 
8.3399 4.095 
8.3499 4.095 
8.3599 4.095 
8.3699 4.095 
8.3799 4.095 
8.3899 4.095 
8.3999 4.095 
8.4099 4.095 
8.4199 4.095 
8.4299 1 
8.4399 3.244 
8.4499 6.261 
8.4599 4.404 
8.4699 5.197 
8.4799 7.165 
8.4899 2.9 
8.4999 3.834 
8.5099 3.834 
8.5199 3.834 
8.5299 3.834 
8.5399 3.834 
8.5499 3.834 
8.5599 3.834 
8.5699 3.834 
8.5799 3.834 
8.5899 3.834 
8.5999 3.834 
8.6099 3.834 
8.6199 3.834 
8.6299 3.834 
8.6399 3.834 
8.6499 3.834 
8.6599 3.834 
8.6699 3.834 
8.6799 3.834 
8.6899 3.834 
8.6999 3.553 
8.7099 4.095 
8.7199 5.123 
8.7299 2 
8.7399 4.569 
8.7499 5.390 
8.7599 1 
8.7699 10.21 
8.7799 7.709 
8.7899 4.404 
8.7999 3.244 
8.8099 4.631 
8.8199 4.404 
8.8299 4.404 
8.8399 4.404 
8.8499 4.404 
8.8599 4.404 
8.8699 4.404 
8.8799 4.404 
8.8899 4.404 
8.8999 4.404 
8.9099 4.404 
8.9199 4.404 
8.9299 4.404 
8.9399 4.404 
8.9499 4.404 
8.9599 4.404 
8.9699 4.404 
8.9799 4.404 
8.9899 4.404 
8.9999 4.404 
9.0099 4.404 
9.0199 2 
9.0299 1 
9.0399 10.57 
9.0499 2 
9.0599 7.343 
9.0699 6.200 
9.0799 5.123 
9.0899 5.123 
9.0999 5.123 
9.1099 5.123 
9.1199 5.123 
9.1299 5.123 
9.1399 5.123 
9.1499 5.123 
9.1599 5.123 
9.1699 5.123 
9.1799 5.123 
9.1899 5.123 
9.1999 5.123 
9.2099 5.123 
9.2199 5.123 
9.2299 5.123 
9.2399 5.123 
9.2499 5.123 
9.2599 5.123 
9.2699 5.123 
9.2799 3.553 
9.2899 4.404 
9.2999 5.507 
9.3099 4.095 
9.3199 1 
9.3299 6.421 
9.3399 5.319 
9.3499 5.319 
9.3599 5.319 
9.3699 5.319 
9.3799 5.319 
9.3899 5.319 
9.3999 5.319 
9.4099 5.319 
9.4199 5.319 
9.4299 5.319 
9.4399 5.319 
9.4499 5.319 
9.4599 5.319 
9.4699 5.319 
9.4799 5.319 
9.4899 5.319 
9.4999 5.319 
9.5099 5.319 
9.5199 5.319 
9.5299 5.319 
9.5399 2 
9.5499 4.569 
9.5599 1 
9.5699 8.723 
9.5799 4 
9.5899 9.101 
9.5999 5.2 
9.6099 4.847 
9.6199 4.847 
9.6299 4.847 
9.6399 4.847 
9.6499 4.847 
9.6599 4.847 
9.6699 4.847 
9.6799 4.847 
9.6899 4.847 
9.6999 4.847 
9.7099 4.847 
9.7199 4.847 
9.7299 4.847 
9.7399 4.847 
9.7499 4.847 
9.7599 4.847 
9.7699 4.847 
9.7799 4.847 
9.7899 4.847 
9.7999 4.847 
9.8099 2.9 
9.8199 5.575 
9.8299 6.619 
9.8399 4.847 
9.8499 5.053 
9.8599 3.244 
9.8699 6.421 
9.8799 4.339 
9.8899 5.197 
9.8999 5.442 
9.9099 1 
9.9199 3.553 
9.9299 6.261 
9.9399 6.519 
9.9499 10.53 
9.9599 1 
9.9699 7.362 
9.9799 7.362 
9.9899 7.362 
9.9999 7.362 
