0.01 11.92 
0.02 5.96 
0.0299 6.79999 
0.0400 10.3999 
0.0500 10.1855 
0.0600 11.4559 
0.0700 12.1211 
0.0800 13.9979 
0.0899 14.6097 
0.0999 16.2864 
0.1099 18.0436 
0.1199 19.2253 
0.1299 20.2904 
0.1399 20.9611 
0.1499 22.2208 
0.16 22.634 
0.1700 22.0508 
0.1800 21.8622 
0.1900 21.0686 
0.2000 20.3119 
0.2100 19.7485 
0.2200 19.3519 
0.2300 18.5106 
0.2400 17.7393 
0.2500 17.0297 
0.2600 16.3747 
0.2700 15.7682 
0.2800 15.4474 
0.2900 15.8212 
0.3000 16.1418 
0.3100 15.8947 
0.3200 15.3979 
0.3300 15.0341 
0.3400 15.3402 
0.3500 16.1375 
0.3600 16.9848 
0.3700 17.2592 
0.3800 17.8315 
0.3900 17.9831 
0.4000 17.7243 
0.4100 17.9953 
0.4200 17.7687 
0.4300 17.3555 
0.4400 17.3272 
0.4500 17.1495 
0.4600 17.1085 
0.4700 16.9068 
0.4800 16.5546 
0.4900 16.3206 
0.5000 15.9942 
0.5100 15.6806 
0.5200 15.4932 
0.5300 15.3929 
0.5400 15.5161 
0.5500 15.8507 
0.5600 15.7645 
0.5700 16.0533 
0.5800 16.1713 
0.5900 15.8972 
0.6000 15.9714 
0.6100 15.8903 
0.6200 15.6340 
0.6300 15.5608 
0.6400 15.3177 
0.6500 15.2255 
0.6600 15.5730 
0.6700 15.5178 
0.6800 15.4642 
0.6900 15.5965 
0.7000 15.6523 
0.7100 15.5274 
0.7200 15.3117 
0.7300 15.1020 
0.7400 14.8979 
0.7500 14.9141 
0.7600 14.8406 
0.7700 14.9232 
0.7800 14.7318 
0.7900 14.6527 
0.8000 14.6285 
0.8100 14.4479 
0.8200 14.4062 
0.8300 14.2326 
0.8400 14.0632 
0.8500 13.8977 
0.8600 13.7361 
0.8700 13.5782 
0.8800 13.4239 
0.8900 13.2731 
0.9000 13.3706 
0.9100 13.3821 
0.9200 13.3749 
0.9300 13.3405 
0.9400 13.4061 
0.9500 13.4078 
0.9600 13.3829 
0.9700 13.4023 
0.9800 13.4559 
0.9900 13.3629 
1.0000 13.6363 
1.0100 13.9630 
1.0200 14.0340 
1.0300 14.1777 
1.0400 14.3267 
1.0500 14.4487 
1.0600 14.5444 
1.0700 14.6938 
1.0800 14.6755 
1.0900 14.7431 
1.1000 14.7479 
1.1100 14.6456 
1.1200 14.6662 
1.1300 14.7541 
1.1400 14.7883 
1.1500 14.7924 
1.1600 14.8696 
1.1700 14.8947 
1.1800 14.9553 
1.1900 15.2216 
1.2000 15.2573 
1.2100 15.3765 
1.2200 15.4312 
1.2300 15.4919 
1.2400 15.6131 
1.2500 15.8138 
1.2600 16.0046 
1.2700 16.2525 
1.2800 16.3773 
1.2900 16.5067 
1.3000 16.6081 
1.3100 16.6561 
1.3200 16.7612 
1.3300 16.8264 
1.3400 16.9223 
1.3500 16.9352 
1.3600 16.9665 
1.3700 16.8489 
1.3800 16.7882 
1.3900 16.7102 
1.4000 16.6211 
1.4100 16.5032 
1.4200 16.3870 
1.4300 16.2724 
1.4400 16.1594 
1.4500 16.0479 
1.4600 15.9380 
1.4700 15.8296 
1.4800 15.7227 
1.4900 15.6171 
1.5000 15.5130 
1.5100 15.4103 
1.5200 15.3089 
1.5300 15.2088 
1.5400 15.1101 
1.5500 15.0454 
1.5600 15.1284 
1.5700 15.1616 
1.5800 15.2911 
1.5900 15.3763 
1.6000 15.2801 
1.6100 15.1852 
1.6200 15.0915 
1.6300 14.9989 
1.6400 14.9075 
1.6500 14.8171 
1.6600 14.7279 
1.6700 14.6397 
1.6800 14.5525 
1.6900 14.4664 
1.7000 14.3813 
1.7100 14.2972 
1.7200 14.2141 
1.7300 14.1319 
1.7400 14.0507 
1.7500 13.9704 
1.7600 13.8910 
1.7700 13.8126 
1.7800 13.7350 
1.7900 13.6582 
1.8000 13.7095 
1.8100 13.6947 
1.8200 13.6707 
1.8300 13.6794 
1.8400 13.7065 
1.8500 13.8249 
1.8600 13.9785 
1.8700 14.0534 
1.8800 14.0328 
1.8900 14.0528 
1.9000 14.0725 
1.9100 14.1321 
1.9200 14.1335 
1.9300 14.0998 
1.9400 14.0927 
1.9500 14.1857 
1.9600 14.2561 
1.9700 14.2828 
1.9800 14.3819 
1.9900 14.3949 
2.0000 14.4374 
2.0100 14.4331 
2.0200 14.3742 
2.0300 14.3995 
2.0400 14.3289 
2.0500 14.2590 
2.0600 14.2104 
2.0699 14.1417 
2.0799 14.0737 
2.0899 14.0632 
2.0999 14.1133 
2.1099 14.2393 
2.1199 14.3122 
2.1299 14.3087 
2.1399 14.3924 
2.1499 14.4043 
2.1599 14.3455 
2.1699 14.2794 
2.1799 14.3034 
2.1899 14.3426 
2.1999 14.5549 
2.2099 14.5850 
2.2199 14.6721 
2.2299 14.6063 
2.2399 14.5411 
2.2499 14.4765 
2.2599 14.4124 
2.2699 14.3489 
2.2799 14.2860 
2.2899 14.2236 
2.2999 14.1618 
2.3099 14.1005 
2.3199 14.0397 
2.3299 13.9794 
2.3399 13.9414 
2.3499 13.9074 
2.3599 13.9095 
2.3699 13.9975 
2.3799 14.0634 
2.3899 14.1749 
2.3999 14.1688 
2.4099 14.1593 
2.4199 14.1008 
2.4299 14.0427 
2.4399 14.0373 
2.4499 14.0700 
2.4599 14.0645 
2.4699 14.0831 
2.4799 14.0537 
2.4899 14.0381 
2.4999 14.0668 
2.5099 14.0107 
2.5199 13.9551 
2.5299 13.9000 
2.5399 13.8452 
2.5499 13.7909 
2.5599 13.7371 
2.5699 13.6836 
2.5799 13.6306 
2.5899 13.5780 
2.5999 13.5257 
2.6099 13.4739 
2.6199 13.4225 
2.6299 13.4101 
2.6399 13.3818 
2.6499 13.3313 
2.6599 13.2812 
2.6699 13.2315 
2.6799 13.1821 
2.6899 13.1331 
2.6999 13.0845 
2.7099 13.0362 
2.7199 12.9882 
2.7299 12.9407 
2.7399 12.8934 
2.7499 12.8466 
2.7599 12.8000 
2.7699 12.7538 
2.7799 12.7079 
2.7899 12.6624 
2.7999 12.6172 
2.8099 12.5722 
2.8199 12.5277 
2.8299 12.4834 
2.8399 12.4394 
2.8499 12.3958 
2.8599 12.3525 
2.8699 12.3331 
2.8799 12.3609 
2.8899 12.3416 
2.8999 12.3546 
2.9099 12.4170 
2.9199 12.4152 
2.9299 12.3728 
2.9399 12.3307 
2.9499 12.2889 
2.9599 12.2474 
2.9699 12.2062 
2.9799 12.1652 
2.9899 12.1245 
2.9999 12.0841 
3.0099 12.0440 
3.0199 12.0041 
3.0299 11.9645 
3.0399 11.9251 
3.0499 11.8860 
3.0599 11.8472 
3.0699 11.8086 
3.0799 11.7895 
3.0899 11.8364 
3.0999 11.8010 
3.1099 11.7630 
3.1199 11.8341 
3.1299 11.7962 
3.1399 11.8235 
3.1499 11.7913 
3.1599 11.7782 
3.1699 11.8106 
3.1799 11.7734 
3.1899 11.7365 
3.1999 11.6999 
3.2099 11.6872 
3.2199 11.7141 
3.2299 11.6962 
3.2399 11.6601 
3.2499 11.6451 
3.2599 11.6328 
3.2699 11.6231 
3.2799 11.6161 
3.2899 11.6118 
3.2999 11.6742 
3.3099 11.7517 
3.3199 11.7725 
3.3299 11.7371 
3.3399 11.7553 
3.3499 11.7405 
3.3599 11.7282 
3.3699 11.6934 
3.3799 11.6588 
3.3899 11.6244 
3.3999 11.6052 
3.4099 11.6160 
3.4199 11.6514 
3.4299 11.6694 
3.4399 11.6773 
3.4499 11.7099 
3.4599 11.7226 
3.4699 11.7181 
3.4799 11.8112 
3.4899 11.8648 
3.4999 11.9036 
3.5099 11.9301 
3.5199 11.9974 
3.5299 12.0090 
3.5399 11.9919 
3.5499 11.9915 
3.5599 11.9936 
3.5699 12.0004 
3.5799 11.9787 
3.5899 11.9571 
3.5999 11.9663 
3.6099 11.9590 
3.6199 11.9822 
3.6299 11.9492 
3.6399 11.9699 
3.6499 11.9650 
3.6599 11.9323 
3.6699 11.9807 
3.6799 11.9527 
3.6899 11.9203 
3.6999 11.8881 
3.7099 11.8561 
3.7199 11.8242 
3.7299 11.7925 
3.7399 11.7610 
3.7499 11.7907 
3.7599 11.7977 
3.7699 11.8001 
