0.01 2 
0.02 2 
0.0299 2 
0.0400 2 
0.0500 2 
0.0600 2 
0.0700 2 
0.0800 2 
0.0899 2 
0.0999 2 
0.1099 2 
0.1199 2 
0.1299 2 
0.1399 2 
0.1499 2 
0.16 2 
0.1700 2 
0.1800 2 
0.1900 2 
0.2000 2 
0.2100 3.553 
0.2200 3.342 
0.2300 6.639 
0.2400 4.092 
0.2500 6.346 
0.2600 4.701 
0.2700 5.449 
0.2800 10.69 
0.2900 11.59 
0.3000 6.051 
0.3100 6.983 
0.3200 11.36 
0.3300 14.19 
0.3400 14.40 
0.3500 14.40 
0.3600 14.40 
0.3700 14.40 
0.3800 14.40 
0.3900 7.900 
0.4000 10.03 
0.4100 10.80 
0.4200 13.30 
0.4300 8.542 
0.4400 9.438 
0.4500 7.395 
0.4600 4.621 
0.4700 7.607 
0.4800 5.760 
0.4900 4.627 
0.5000 9.060 
0.5100 6.771 
0.5200 10.01 
0.5300 10.69 
0.5400 10.69 
0.5500 10.69 
0.5600 10.69 
0.5700 10.69 
0.5800 6.611 
0.5900 10.96 
0.6000 12.09 
0.6100 14.15 
0.6200 8.257 
0.6300 12.02 
0.6400 14.58 
0.6500 15.51 
0.6600 15.51 
0.6700 8.075 
0.6800 8.199 
0.6900 4.779 
0.7000 4.779 
0.7100 9.247 
0.7200 6.078 
0.7300 10.84 
0.7400 14.69 
0.7500 16.55 
0.7600 17.66 
0.7700 18.54 
0.7800 20.74 
0.7900 22.58 
0.8000 24.25 
0.8100 10 
0.8200 5.248 
0.8300 8.835 
0.8400 13.35 
0.8500 15.51 
0.8600 9.842 
0.8700 12.21 
0.8800 7.198 
0.8900 9.058 
0.9000 10.68 
0.9100 11.58 
0.9200 12.89 
0.9300 7.357 
0.9400 8.261 
0.9500 5.221 
0.9600 8.105 
0.9700 8.105 
0.9800 9.045 
0.9900 10.86 
1.0000 10.86 
1.0100 10.86 
1.0200 5.523 
1.0300 5.523 
1.0400 5.523 
1.0500 5.523 
1.0600 8.055 
1.0700 8.055 
1.0800 11.00 
1.0900 12.85 
1.1000 14.61 
1.1100 8.182 
1.1200 9.650 
1.1300 9.650 
1.1400 9.650 
1.1500 9.650 
1.1600 9.650 
1.1700 9.650 
1.1800 9.650 
1.1900 9.650 
1.2000 9.650 
1.2100 9.650 
1.2200 9.650 
1.2300 9.650 
1.2400 9.650 
1.2500 9.650 
1.2600 9.650 
1.2700 9.650 
1.2800 9.650 
1.2900 9.650 
1.3000 9.650 
1.3100 9.650 
1.3200 1 
1.3300 4 
1.3400 4.920 
1.3500 7.659 
1.3600 8.647 
1.3700 11.79 
1.3800 14.11 
1.3900 15.34 
1.4000 17.47 
1.4100 17.98 
1.4200 21.58 
1.4300 23.61 
1.4400 25.49 
1.4500 27.16 
1.4600 28.46 
1.4700 29.36 
1.4800 31.11 
1.4900 32.37 
1.5000 33.82 
1.5100 10.95 
1.5200 14.98 
1.5300 15.88 
1.5400 8.700 
1.5500 10.85 
1.5600 10.85 
1.5700 10.85 
1.5800 10.85 
1.5900 10.85 
1.6000 10.85 
1.6100 10.85 
1.6200 10.85 
1.6300 10.85 
1.6400 10.85 
1.6500 10.85 
1.6600 10.85 
1.6700 10.85 
1.6800 10.85 
1.6900 10.85 
1.7000 10.85 
1.7100 10.85 
1.7200 10.85 
1.7300 10.85 
1.7400 10.85 
1.7500 2 
1.7600 2 
1.7700 2 
1.7800 2 
1.7900 2 
1.8000 2 
1.8100 2 
1.8200 2 
1.8300 2 
1.8400 2 
1.8500 2 
1.8600 2 
1.8700 2 
1.8800 2 
1.8900 2 
1.9000 2 
1.9100 2 
1.9200 2 
1.9300 2 
1.9400 2 
1.9500 2 
1.9600 2 
1.9700 2 
1.9800 2 
1.9900 2 
2.0000 2 
2.0100 2 
2.0200 2 
2.0300 2 
2.0400 2 
2.0500 2 
2.0600 2 
2.0699 2 
2.0799 2 
2.0899 2 
2.0999 2 
2.1099 2 
2.1199 2 
2.1299 2 
2.1399 2 
2.1499 3.553 
2.1599 8.336 
2.1699 11.39 
2.1799 12.32 
2.1899 12.32 
2.1999 6.162 
2.2099 6.324 
2.2199 8.139 
2.2299 10.02 
2.2399 14.72 
2.2499 16.46 
2.2599 19.47 
2.2699 21.93 
2.2799 23.81 
2.2899 25.44 
2.2999 25.44 
2.3099 25.44 
2.3199 25.44 
2.3299 25.44 
2.3399 25.44 
2.3499 25.44 
2.3599 25.44 
2.3699 25.44 
2.3799 25.44 
2.3899 25.44 
2.3999 25.44 
2.4099 25.44 
2.4199 25.44 
2.4299 25.44 
2.4399 25.44 
2.4499 25.44 
2.4599 25.44 
2.4699 25.44 
2.4799 25.44 
2.4899 2 
2.4999 10.1 
2.5099 6.251 
2.5199 7.254 
2.5299 12.29 
2.5399 16.10 
2.5499 17.42 
2.5599 21.15 
2.5699 5.099 
2.5799 3.951 
2.5899 8.145 
2.5999 3.796 
2.6099 5.318 
2.6199 4.000 
2.6299 7.390 
2.6399 10.14 
2.6499 7.722 
2.6599 10.58 
2.6699 14.43 
2.6799 10.60 
2.6899 11.76 
2.6999 11.76 
2.7099 11.76 
2.7199 11.76 
2.7299 11.76 
2.7399 11.76 
2.7499 11.76 
2.7599 11.76 
2.7699 11.76 
2.7799 11.76 
2.7899 11.76 
2.7999 11.76 
2.8099 11.76 
2.8199 11.76 
2.8299 11.76 
2.8399 11.76 
2.8499 11.76 
2.8599 11.76 
2.8699 11.76 
2.8799 11.76 
2.8899 1 
2.8999 6.263 
2.9099 7.166 
2.9199 5.159 
2.9299 8.190 
2.9399 4.669 
2.9499 8.022 
2.9599 13.44 
2.9699 3.832 
2.9799 8.805 
2.9899 13.34 
2.9999 11.08 
3.0099 7.335 
3.0199 10.96 
3.0299 14.57 
3.0399 9.427 
3.0499 13.90 
3.0599 9.413 
3.0699 13.52 
3.0799 14.80 
3.0899 16.40 
3.0999 16.40 
3.1099 16.40 
3.1199 16.40 
3.1299 16.40 
3.1399 16.40 
3.1499 16.40 
3.1599 16.40 
3.1699 16.40 
3.1799 16.40 
3.1899 16.40 
3.1999 16.40 
3.2099 16.40 
3.2199 16.40 
3.2299 16.40 
3.2399 16.40 
3.2499 16.40 
3.2599 16.40 
3.2699 16.40 
3.2799 16.40 
3.2899 1 
3.2999 1 
3.3099 1 
3.3199 1 
3.3299 1 
3.3399 1 
3.3499 1 
3.3599 1 
3.3699 1 
3.3799 1 
3.3899 1 
3.3999 1 
3.4099 1 
3.4199 1 
3.4299 1 
3.4399 1 
3.4499 1 
3.4599 1 
3.4699 1 
3.4799 1 
3.4899 1 
3.4999 1 
3.5099 1 
3.5199 1 
3.5299 1 
3.5399 1 
3.5499 1 
3.5599 1 
3.5699 1 
3.5799 1 
3.5899 1 
3.5999 1 
3.6099 1 
3.6199 1 
3.6299 1 
3.6399 1 
3.6499 1 
3.6599 1 
3.6699 1 
3.6799 1 
3.6899 4.997 
3.6999 10.18 
3.7099 14.00 
3.7199 17.72 
3.7299 19.70 
3.7399 21.45 
3.7499 22.59 
3.7599 22.59 
3.7699 10.49 
