0.01 20.59 
0.02 4 
0.0299 14.01 
0.0400 17.73 
0.0500 20.56 
0.0600 23.12 
0.0700 24.30 
0.0800 4 
0.0899 13.04 
0.0999 17.73 
0.1099 20.36 
0.1199 22.73 
0.1299 23.93 
0.1399 10.29 
0.1499 13.64 
0.16 16.44 
0.1700 4 
0.1800 12.13 
0.1900 16.90 
0.2000 8 
0.2100 13.21 
0.2200 16.14 
0.2300 18.94 
0.2400 10.44 
0.2500 14.19 
0.2600 18.10 
0.2700 4 
0.2800 11.71 
0.2900 15.41 
0.3000 18.21 
0.3100 9.750 
0.3200 15.28 
0.3300 18.10 
0.3400 8 
0.3500 13.09 
0.3600 8.437 
0.3700 14.20 
0.3800 18.10 
0.3900 1 
0.4000 11.04 
0.4100 6.422 
0.4200 10.08 
0.4300 14.69 
0.4400 18.39 
0.4500 20.15 
0.4600 2 
0.4700 12.09 
0.4800 15.88 
0.4900 17.79 
0.5000 20.41 
0.5100 11.14 
0.5200 16.01 
0.5300 17.96 
0.5400 21.27 
0.5500 23.08 
0.5600 5 
0.5700 13.04 
0.5800 17.73 
0.5900 20.56 
0.6000 23.80 
0.6100 25.74 
0.6200 28.40 
0.6300 8 
0.6400 14.36 
0.6500 18.18 
0.6600 20.80 
0.6700 10.19 
0.6800 14.98 
0.6900 18.61 
0.7000 10.25 
0.7100 7.498 
0.7200 12.27 
0.7300 17.06 
0.7400 2 
0.7500 12.70 
0.7600 16.41 
0.7700 20.82 
0.7800 4 
0.7900 13.04 
0.8000 16.01 
0.8100 19.76 
0.8200 9.750 
0.8300 15.01 
0.8400 9.555 
0.8500 13.25 
0.8600 17.08 
0.8700 8.950 
0.8800 13.21 
0.8900 17.05 
0.9000 2 
0.9100 1 
0.9200 8.966 
0.9300 13.52 
0.9400 17.29 
0.9500 20.22 
0.9600 21.93 
0.9700 10.68 
0.9800 11.04 
0.9900 11.04 
1.0000 11.04 
1.0100 11.04 
1.0200 11.04 
1.0300 11.04 
1.0400 11.04 
1.0500 11.04 
1.0600 11.04 
1.0700 11.04 
1.0800 11.04 
1.0900 11.04 
1.1000 11.04 
1.1100 11.04 
1.1200 11.04 
1.1300 11.04 
1.1400 11.04 
1.1500 11.04 
1.1600 11.04 
1.1700 11.04 
1.1800 7.306 
1.1900 11.03 
1.2000 14.69 
1.2100 18.39 
1.2200 9.542 
1.2300 14.19 
1.2400 1 
1.2500 11.06 
1.2600 15.70 
1.2700 1 
1.2800 9.495 
1.2900 14.23 
1.3000 17.11 
1.3100 1 
1.3200 11.36 
1.3300 16.11 
1.3400 18.04 
1.3500 5.688 
1.3600 10.24 
1.3700 13.08 
1.3800 17.93 
1.3900 8 
1.4000 12.13 
1.4100 16.90 
1.4200 20.39 
1.4300 10.58 
1.4400 15.24 
1.4500 18.07 
1.4600 10.05 
1.4700 14.67 
1.4800 18.37 
1.4900 10.25 
1.5000 15.01 
1.5100 18.70 
1.5200 8 
1.5300 14.33 
1.5400 18.10 
1.5500 4 
1.5600 13.39 
1.5700 17.19 
1.5800 21.49 
1.5900 23.95 
1.6000 4 
1.6100 13.04 
1.6200 17.73 
1.6300 20.26 
1.6400 20.26 
1.6500 20.26 
1.6600 20.26 
1.6700 20.26 
1.6800 20.26 
1.6900 20.26 
1.7000 20.26 
1.7100 20.26 
1.7200 20.26 
1.7300 20.26 
1.7400 20.26 
1.7500 20.26 
1.7600 20.26 
1.7700 20.26 
1.7800 20.26 
1.7900 20.26 
1.8000 20.26 
1.8100 20.26 
1.8200 20.26 
1.8300 4 
1.8400 13.27 
1.8500 17.10 
1.8600 4 
1.8700 13.09 
1.8800 16.90 
1.8900 1 
1.9000 11.36 
1.9100 7.762 
1.9200 11.34 
1.9300 16.15 
1.9400 19.05 
1.9500 21.05 
1.9600 10.19 
1.9700 7.166 
1.9800 7.204 
1.9900 12.01 
2.0000 16.63 
2.0100 20.27 
2.0200 10.58 
2.0300 15.88 
2.0400 8.901 
2.0500 1 
2.0600 9.188 
2.0699 14.79 
2.0799 18.52 
2.0899 8 
2.0999 13.04 
2.1099 16.80 
2.1199 3 
2.1299 12.30 
2.1399 16.11 
2.1499 19.74 
2.1599 2 
2.1699 6.422 
2.1799 5.053 
2.1899 3.333 
2.1999 8.248 
2.2099 1 
2.2199 11.34 
2.2299 5.507 
2.2399 10.14 
2.2499 15.07 
2.2599 1 
2.2699 11.32 
2.2799 16.08 
2.2899 19.72 
2.2999 8 
2.3099 15.24 
2.3199 3 
2.3299 10.96 
2.3399 14.58 
2.3499 18.29 
2.3599 4 
2.3699 12.13 
2.3799 16.90 
2.3899 19.59 
2.3999 22.04 
2.4099 2 
2.4199 13.04 
2.4299 17.79 
2.4399 10.73 
2.4499 14.47 
2.4599 8.437 
2.4699 14.13 
2.4799 9.062 
2.4899 9.389 
2.4999 9.389 
2.5099 9.389 
2.5199 9.389 
2.5299 9.389 
2.5399 9.389 
2.5499 9.389 
2.5599 9.389 
2.5699 9.389 
2.5799 9.389 
2.5899 9.389 
2.5999 9.389 
2.6099 9.389 
2.6199 9.389 
2.6299 9.389 
2.6399 9.389 
2.6499 9.389 
2.6599 9.389 
2.6699 9.389 
2.6799 9.389 
2.6899 6.519 
2.6999 10.34 
2.7099 14.11 
2.7199 17.98 
2.7299 21.3 
2.7399 23.10 
2.7499 10.58 
2.7599 15.88 
2.7699 19.56 
2.7799 21.37 
2.7899 23.85 
2.7999 12.09 
2.8099 15.88 
2.8199 19.56 
2.8299 22.01 
2.8399 24.59 
2.8499 26.77 
2.8599 10.58 
2.8699 14.01 
2.8799 17.79 
2.8899 19.56 
2.8999 19.56 
2.9099 19.56 
2.9199 19.56 
2.9299 19.56 
2.9399 19.56 
2.9499 19.56 
2.9599 19.56 
2.9699 19.56 
2.9799 19.56 
2.9899 19.56 
2.9999 19.56 
3.0099 19.56 
3.0199 19.56 
3.0299 19.56 
3.0399 19.56 
3.0499 19.56 
3.0599 19.56 
3.0699 19.56 
3.0799 19.56 
3.0899 4 
3.0999 13.24 
3.1099 17.07 
3.1199 9.495 
3.1299 14.16 
3.1399 17.05 
3.1499 20.66 
3.1599 2 
3.1699 13.57 
3.1799 18.23 
3.1899 4 
3.1999 13.39 
3.2099 17.19 
3.2199 8 
3.2299 13.09 
3.2399 17.07 
3.2499 9.495 
3.2599 13.21 
3.2699 17.05 
3.2799 21.28 
3.2899 5 
3.2999 14.98 
3.3099 17.79 
3.3199 19.56 
3.3299 19.56 
3.3399 19.56 
3.3499 19.56 
3.3599 19.56 
3.3699 19.56 
3.3799 19.56 
3.3899 19.56 
3.3999 19.56 
3.4099 19.56 
3.4199 19.56 
3.4299 19.56 
3.4399 19.56 
3.4499 19.56 
3.4599 19.56 
3.4699 19.56 
3.4799 19.56 
3.4899 19.56 
3.4999 19.56 
3.5099 19.56 
3.5199 4 
3.5299 13.24 
3.5399 17.07 
3.5499 19.99 
3.5599 4 
3.5699 13.04 
3.5799 17.73 
3.5899 21.18 
3.5999 13.42 
3.6099 17.22 
3.6199 20.80 
3.6299 4 
3.6399 13.04 
3.6499 4 
3.6599 10.83 
3.6699 14.48 
3.6799 17.37 
3.6899 9.495 
3.6999 13.36 
3.7099 18.07 
3.7199 3 
3.7299 7.526 
3.7399 11.18 
3.7499 16.89 
3.7599 19.58 
3.7699 10.44 
3.7799 14.19 
3.7899 17.99 
3.7999 9.808 
3.8099 12.58 
3.8199 17.28 
3.8299 2 
3.8399 12.13 
3.8499 15.98 
3.8599 1 
3.8699 9.495 
3.8799 14.16 
3.8899 17.05 
3.8999 1 
3.9099 11.19 
3.9199 16.90 
3.9299 1 
3.9399 11.19 
3.9499 15.08 
3.9599 18.86 
3.9699 21.39 
3.9799 10.58 
3.9899 15.24 
3.9999 18.93 
4.0099 9.853 
4.0199 14.40 
4.0299 17.25 
4.0399 8.950 
4.0499 13.21 
4.0599 17.96 
4.0699 9.808 
4.0799 13.43 
4.0899 18.18 
4.0999 10.25 
4.1099 14.12 
4.1199 9.45 
4.1299 14.20 
4.1399 18.92 
4.1499 1 
4.1599 12.17 
4.1699 16.01 
4.1799 1 
4.1899 10.63 
4.1999 15.34 
4.2099 17.31 
4.2199 3 
4.2299 6.422 
4.2399 5.975 
4.2499 6.519 
4.2599 8.369 
4.2699 13.05 
4.2799 7.142 
4.2899 11.72 
4.2999 16.42 
4.3099 4 
4.3199 10.40 
4.3299 14.16 
4.3399 18.02 
4.3499 1 
4.3599 7.577 
4.3699 14.07 
4.3799 16.97 
4.3899 1 
4.3999 12.09 
4.4099 16.86 
4.4199 20.36 
4.4299 5 
4.4399 12.81 
4.4499 16.50 
4.4599 19.40 
4.4699 12.09 
4.4799 16.01 
4.4899 17.96 
4.4999 20.65 
4.5099 22.51 
4.5199 24.71 
4.5299 26.88 
4.5399 28.19 
4.5499 4 
4.5599 13.12 
4.5699 16.01 
4.5799 2 
4.5899 12.13 
4.5999 16.90 
4.6099 8.950 
4.6199 13.21 
4.6299 18.02 
4.6399 2 
4.6499 12.13 
4.6599 15.98 
4.6699 19.64 
4.6799 10.77 
4.6899 12.49 
4.6999 16.26 
4.7099 1 
4.7199 1 
4.7299 1 
4.7399 1 
4.7499 1 
4.7599 1 
4.7699 1 
4.7799 1 
4.7899 1 
4.7999 1 
4.8099 1 
4.8199 1 
4.8299 1 
4.8399 1 
4.8499 1 
4.8599 1 
4.8699 1 
4.8799 1 
4.8899 1 
4.8999 1 
4.9099 4.095 
4.9199 9.466 
4.9299 13.18 
4.9399 18.82 
4.9499 2 
4.9599 11.19 
4.9699 15.01 
4.9799 1 
4.9899 11.54 
4.9999 16.23 
5.0099 4 
5.0199 12.34 
