0.01 8 
0.02 8 
0.0299 8 
0.0400 8 
0.0500 8 
0.0600 8 
0.0700 8 
0.0800 8 
0.0899 8 
0.0999 8 
0.1099 8 
0.1199 8 
0.1299 8 
0.1399 8 
0.1499 8 
0.16 8 
0.1700 8 
0.1800 8 
0.1900 8 
0.2000 8 
0.2100 8 
0.2200 8 
0.2300 8 
0.2400 8 
0.2500 8 
0.2600 8 
0.2700 8 
0.2800 8 
0.2900 8 
0.3000 8 
0.3100 8 
0.3200 8 
0.3300 8 
0.3400 8 
0.3500 8 
0.3600 8 
0.3700 8 
0.3800 8 
0.3900 8 
0.4000 8 
0.4100 8 
0.4200 8 
0.4300 8 
0.4400 8 
0.4500 8 
0.4600 8 
0.4700 8 
0.4800 8 
0.4900 8 
0.5000 8 
0.5100 8 
0.5200 8 
0.5300 8 
0.5400 8 
0.5500 8 
0.5600 8 
0.5700 8 
0.5800 8 
0.5900 8 
0.6000 8 
0.6100 8 
0.6200 8 
0.6300 8 
0.6400 8 
0.6500 8 
0.6600 8 
0.6700 8 
0.6800 8 
0.6900 8 
0.7000 8 
0.7100 8 
0.7200 8 
0.7300 8 
0.7400 8 
0.7500 8 
0.7600 8 
0.7700 8 
0.7800 8 
0.7900 8 
0.8000 8 
0.8100 8 
0.8200 8 
0.8300 8 
0.8400 8 
0.8500 8 
0.8600 8 
0.8700 8 
0.8800 8 
0.8900 8 
0.9000 8 
0.9100 8 
0.9200 8 
0.9300 8 
0.9400 8 
0.9500 8 
0.9600 8 
0.9700 8 
0.9800 8 
0.9900 8 
1.0000 8 
1.0100 8 
1.0200 8 
1.0300 8 
1.0400 8 
1.0500 8 
1.0600 8 
1.0700 8 
1.0800 8 
1.0900 8 
1.1000 8 
1.1100 8 
1.1200 8 
1.1300 8 
1.1400 8 
1.1500 8 
1.1600 8 
1.1700 8 
1.1800 8 
1.1900 8 
1.2000 8 
1.2100 8 
1.2200 8 
1.2300 8 
1.2400 8 
1.2500 8 
1.2600 8 
1.2700 8 
1.2800 8 
1.2900 8 
1.3000 8 
1.3100 8 
1.3200 8 
1.3300 8 
1.3400 8 
1.3500 8 
1.3600 8 
1.3700 8 
1.3800 8 
1.3900 8 
1.4000 8 
1.4100 8 
1.4200 8 
1.4300 8 
1.4400 8 
1.4500 8 
1.4600 8 
1.4700 8 
1.4800 8 
1.4900 8 
1.5000 8 
1.5100 8 
1.5200 8 
1.5300 8 
1.5400 8 
1.5500 8 
1.5600 8 
1.5700 8 
1.5800 8 
1.5900 8 
1.6000 8 
1.6100 8 
1.6200 8 
1.6300 8 
1.6400 8 
1.6500 8 
1.6600 8 
1.6700 8 
1.6800 8 
1.6900 8 
1.7000 8 
1.7100 8 
1.7200 8 
1.7300 8 
1.7400 8 
1.7500 8 
1.7600 8 
1.7700 8 
1.7800 8 
1.7900 8 
1.8000 8 
1.8100 8 
1.8200 8 
1.8300 8 
1.8400 8 
1.8500 8 
1.8600 8 
1.8700 8 
1.8800 8 
1.8900 8 
1.9000 8 
1.9100 8 
1.9200 8 
1.9300 8 
1.9400 8 
1.9500 8 
1.9600 8 
1.9700 8 
1.9800 8 
1.9900 8 
2.0000 8 
2.0100 8 
2.0200 8 
2.0300 8 
2.0400 8 
2.0500 8 
2.0600 8 
2.0699 8 
2.0799 8 
2.0899 8 
2.0999 8 
2.1099 8 
2.1199 8 
2.1299 8 
2.1399 8 
2.1499 8 
2.1599 8 
2.1699 8 
2.1799 8 
2.1899 8 
2.1999 8 
2.2099 8 
2.2199 8 
2.2299 8 
2.2399 8 
2.2499 8 
2.2599 8 
2.2699 8 
2.2799 8 
2.2899 8 
2.2999 8 
2.3099 8 
2.3199 8 
2.3299 8 
2.3399 8 
2.3499 8 
2.3599 8 
2.3699 8 
2.3799 8 
2.3899 8 
2.3999 8 
2.4099 8 
2.4199 8 
2.4299 8 
2.4399 8 
2.4499 8 
2.4599 8 
2.4699 8 
2.4799 8 
2.4899 8 
2.4999 8 
2.5099 8 
2.5199 8 
2.5299 8 
2.5399 8 
2.5499 8 
2.5599 8 
2.5699 8 
2.5799 8 
2.5899 8 
2.5999 8 
2.6099 8 
2.6199 8 
2.6299 8 
2.6399 8 
2.6499 8 
2.6599 8 
2.6699 8 
2.6799 8 
2.6899 8 
2.6999 8 
2.7099 8 
2.7199 8 
2.7299 8 
2.7399 8 
2.7499 8 
2.7599 8 
2.7699 8 
2.7799 8 
2.7899 8 
2.7999 8 
2.8099 8 
2.8199 8 
2.8299 8 
2.8399 8 
2.8499 8 
2.8599 8 
2.8699 8 
2.8799 8 
2.8899 8 
2.8999 8 
2.9099 8 
2.9199 8 
2.9299 8 
2.9399 8 
2.9499 8 
2.9599 8 
2.9699 8 
2.9799 8 
2.9899 8 
2.9999 8 
3.0099 8 
3.0199 8 
3.0299 8 
3.0399 8 
3.0499 8 
3.0599 8 
3.0699 8 
3.0799 8 
3.0899 8 
3.0999 8 
3.1099 8 
3.1199 8 
3.1299 8 
3.1399 8 
3.1499 8 
3.1599 8 
3.1699 8 
3.1799 8 
3.1899 8 
3.1999 8 
3.2099 8 
3.2199 8 
3.2299 8 
3.2399 8 
3.2499 8 
3.2599 8 
3.2699 8 
3.2799 8 
3.2899 8 
3.2999 8 
3.3099 8 
3.3199 8 
3.3299 8 
3.3399 8 
3.3499 8 
3.3599 8 
3.3699 8 
3.3799 8 
3.3899 8 
3.3999 8 
3.4099 8 
3.4199 8 
3.4299 8 
3.4399 8 
3.4499 8 
3.4599 8 
3.4699 8 
3.4799 8 
3.4899 8 
3.4999 8 
3.5099 8 
3.5199 8 
3.5299 8 
3.5399 8 
3.5499 8 
3.5599 8 
3.5699 8 
3.5799 8 
3.5899 8 
3.5999 8 
3.6099 8 
3.6199 8 
3.6299 8 
3.6399 8 
3.6499 8 
3.6599 8 
3.6699 8 
3.6799 8 
3.6899 8 
3.6999 8 
3.7099 8 
3.7199 8 
3.7299 8 
3.7399 8 
3.7499 8 
3.7599 8 
3.7699 8 
3.7799 8 
3.7899 8 
3.7999 8 
3.8099 8 
3.8199 8 
3.8299 8 
3.8399 8 
3.8499 8 
3.8599 8 
3.8699 8 
3.8799 8 
3.8899 8 
3.8999 8 
3.9099 8 
3.9199 8 
3.9299 8 
3.9399 8 
3.9499 8 
3.9599 8 
3.9699 8 
3.9799 8 
3.9899 8 
3.9999 8 
4.0099 8 
4.0199 8 
4.0299 8 
4.0399 8 
4.0499 8 
4.0599 8 
4.0699 8 
4.0799 8 
4.0899 8 
4.0999 8 
4.1099 8 
4.1199 8 
4.1299 8 
4.1399 8 
4.1499 8 
4.1599 8 
4.1699 8 
4.1799 8 
4.1899 8 
4.1999 8 
4.2099 8 
4.2199 8 
4.2299 8 
4.2399 8 
4.2499 8 
4.2599 8 
4.2699 8 
4.2799 8 
4.2899 8 
4.2999 8 
4.3099 8 
4.3199 8 
4.3299 8 
4.3399 8 
4.3499 8 
4.3599 8 
4.3699 8 
4.3799 8 
4.3899 8 
4.3999 8 
4.4099 8 
4.4199 8 
4.4299 8 
4.4399 8 
4.4499 8 
4.4599 8 
4.4699 8 
4.4799 8 
4.4899 8 
4.4999 8 
4.5099 8 
4.5199 8 
4.5299 8 
4.5399 8 
4.5499 8 
4.5599 8 
4.5699 8 
4.5799 8 
4.5899 8 
4.5999 8 
4.6099 8 
4.6199 8 
4.6299 8 
4.6399 8 
4.6499 8 
4.6599 8 
4.6699 8 
4.6799 8 
4.6899 8 
4.6999 8 
4.7099 8 
4.7199 8 
4.7299 8 
4.7399 8 
4.7499 8 
4.7599 8 
4.7699 8 
4.7799 8 
4.7899 8 
4.7999 8 
4.8099 8 
4.8199 8 
4.8299 8 
4.8399 8 
4.8499 8 
4.8599 8 
4.8699 8 
4.8799 8 
4.8899 8 
4.8999 8 
4.9099 8 
4.9199 8 
4.9299 8 
4.9399 8 
4.9499 8 
4.9599 8 
4.9699 8 
4.9799 8 
4.9899 8 
4.9999 8 
5.0099 8 
5.0199 8 
5.0299 8 
5.0399 8 
5.0499 8 
5.0599 8 
5.0699 8 
5.0799 8 
5.0899 8 
5.0999 8 
5.1099 8 
5.1199 8 
5.1299 8 
5.1399 8 
5.1499 8 
5.1599 8 
5.1699 8 
5.1799 8 
5.1899 8 
5.1999 8 
5.2099 8 
5.2199 8 
5.2299 8 
5.2399 8 
5.2499 8 
5.2599 8 
5.2699 8 
5.2799 8 
5.2899 8 
5.2999 8 
5.3099 8 
5.3199 8 
5.3299 8 
5.3399 8 
5.3499 8 
5.3599 8 
5.3699 8 
5.3799 8 
5.3899 8 
5.3999 8 
5.4099 8 
5.4199 8 
5.4299 8 
5.4399 8 
5.4499 8 
5.4599 8 
5.4699 8 
5.4799 8 
5.4899 8 
5.4999 8 
5.5099 8 
5.5199 8 
5.5299 8 
5.5399 8 
5.5499 8 
5.5599 8 
5.5699 8 
5.5799 8 
5.5899 8 
5.5999 8 
5.6099 8 
5.6199 8 
5.6299 8 
5.6399 8 
5.6499 8 
5.6599 8 
5.6699 8 
5.6799 8 
5.6899 8 
5.6999 8 
5.7099 8 
5.7199 8 
5.7299 8 
5.7399 8 
5.7499 8 
5.7599 8 
5.7699 8 
5.7799 8 
5.7899 8 
5.7999 8 
5.8099 8 
5.8199 8 
5.8299 8 
5.8399 8 
5.8499 8 
5.8599 9 
5.8699 9 
5.8799 9 
5.8899 9 
5.8999 9 
5.9099 9 
5.9199 9 
5.9299 9 
5.9399 9 
5.9499 9 
5.9599 9 
5.9699 9 
5.9799 9 
5.9899 9 
5.9999 9 
6.0099 9 
6.0199 9 
6.0299 9 
6.0399 9 
6.0499 9 
6.0599 9 
6.0699 9 
6.0799 9 
6.0899 9 
6.0999 9 
6.1099 9 
6.1199 9 
6.1299 9 
6.1399 9 
6.1499 9 
6.1599 9 
6.1699 9 
6.1799 9 
6.1899 9 
6.1999 9 
6.2099 9 
6.2199 9 
6.2299 9 
6.2399 9 
6.2499 9 
6.2599 9 
6.2699 9 
6.2799 9 
6.2899 9 
6.2999 9 
6.3099 9 
6.3199 9 
6.3299 9 
6.3399 9 
6.3499 9 
6.3599 9 
6.3699 9 
6.3799 9 
6.3899 9 
6.3999 9 
6.4099 9 
6.4199 9 
6.4299 9 
6.4399 9 
6.4499 9 
6.4599 9 
6.4699 9 
6.4799 9 
6.4899 9 
6.4999 9 
6.5099 9 
6.5199 9 
6.5299 9 
6.5399 9 
6.5499 9 
6.5599 9 
6.5699 9 
6.5799 9 
6.5899 9 
6.5999 9 
6.6099 9 
6.6199 9 
6.6299 9 
6.6399 9 
6.6499 9 
6.6599 9 
6.6699 9 
6.6799 9 
6.6899 9 
6.6999 9 
6.7099 9 
6.7199 9 
6.7299 9 
6.7399 9 
6.7499 9 
6.7599 9 
6.7699 9 
6.7799 9 
6.7899 9 
6.7999 9 
6.8099 9 
6.8199 9 
6.8299 9 
6.8399 9 
6.8499 9 
6.8599 9 
6.8699 9 
6.8799 9 
6.8899 9 
6.8999 9 
6.9099 9 
6.9199 9 
6.9299 9 
6.9399 9 
6.9499 9 
6.9599 9 
6.9699 9 
6.9799 9 
6.9899 9 
6.9999 9 
7.0099 9 
7.0199 9 
7.0299 9 
7.0399 9 
7.0499 9 
7.0599 9 
7.0699 9 
7.0799 9 
7.0899 9 
7.0999 9 
7.1099 9 
7.1199 9 
7.1299 9 
7.1399 9 
7.1499 9 
7.1599 9 
7.1699 9 
7.1799 9 
7.1899 9 
7.1999 9 
7.2099 9 
7.2199 9 
7.2299 9 
7.2399 9 
7.2499 9 
7.2599 9 
7.2699 9 
7.2799 9 
7.2899 9 
7.2999 9 
7.3099 9 
7.3199 9 
7.3299 9 
7.3399 9 
7.3499 9 
7.3599 9 
7.3699 9 
7.3799 9 
7.3899 9 
7.3999 9 
7.4099 9 
7.4199 9 
7.4299 9 
7.4399 9 
7.4499 9 
7.4599 9 
7.4699 9 
7.4799 9 
7.4899 9 
7.4999 9 
7.5099 9 
7.5199 9 
7.5299 9 
7.5399 9 
7.5499 9 
7.5599 9 
7.5699 9 
7.5799 9 
7.5899 9 
7.5999 9 
7.6099 9 
7.6199 9 
7.6299 9 
7.6399 9 
7.6499 9 
7.6599 9 
7.6699 9 
7.6799 9 
7.6899 9 
7.6999 9 
7.7099 9 
7.7199 9 
7.7299 9 
7.7399 9 
7.7499 9 
7.7599 9 
7.7699 9 
7.7799 9 
7.7899 9 
7.7999 9 
7.8099 9 
7.8199 9 
7.8299 9 
7.8399 9 
7.8499 9 
7.8599 9 
7.8699 9 
7.8799 9 
7.8899 9 
7.8999 9 
7.9099 9 
7.9199 9 
7.9299 9 
7.9399 9 
7.9499 9 
7.9599 9 
7.9699 9 
7.9799 9 
7.9899 9 
7.9999 9 
8.0099 9 
8.0199 9 
8.0299 9 
8.0399 9 
8.0499 9 
8.0599 9 
8.0699 9 
8.0799 9 
8.0899 9 
8.0999 9 
8.1099 9 
8.1199 9 
8.1299 9 
8.1399 9 
8.1499 9 
8.1599 9 
8.1699 9 
8.1799 9 
8.1899 9 
8.1999 9 
8.2099 9 
8.2199 9 
8.2299 9 
8.2399 9 
8.2499 9 
8.2599 9 
8.2699 9 
8.2799 9 
8.2899 9 
8.2999 9 
8.3099 9 
8.3199 9 
8.3299 9 
8.3399 9 
8.3499 9 
8.3599 9 
8.3699 9 
8.3799 9 
8.3899 9 
8.3999 9 
8.4099 9 
8.4199 9 
8.4299 9 
8.4399 9 
8.4499 9 
8.4599 9 
8.4699 9 
8.4799 9 
8.4899 9 
8.4999 9 
8.5099 9 
8.5199 9 
8.5299 9 
8.5399 9 
8.5499 9 
8.5599 9 
8.5699 9 
8.5799 9 
8.5899 9 
8.5999 9 
8.6099 9 
8.6199 9 
8.6299 9 
8.6399 9 
8.6499 9 
8.6599 9 
8.6699 9 
8.6799 9 
8.6899 9 
8.6999 9 
8.7099 9 
8.7199 9 
8.7299 9 
8.7399 9 
8.7499 9 
8.7599 9 
8.7699 9 
8.7799 9 
8.7899 9 
8.7999 9 
8.8099 9 
8.8199 9 
8.8299 9 
8.8399 9 
8.8499 9 
8.8599 9 
8.8699 9 
8.8799 9 
8.8899 9 
8.8999 9 
8.9099 9 
8.9199 9 
8.9299 9 
8.9399 9 
8.9499 9 
8.9599 9 
8.9699 9 
8.9799 9 
8.9899 9 
8.9999 9 
9.0099 9 
9.0199 9 
9.0299 9 
9.0399 9 
9.0499 9 
9.0599 9 
9.0699 9 
9.0799 9 
9.0899 9 
9.0999 9 
9.1099 9 
9.1199 9 
9.1299 9 
9.1399 9 
9.1499 9 
9.1599 9 
9.1699 9 
9.1799 9 
9.1899 9 
9.1999 9 
9.2099 9 
9.2199 9 
9.2299 9 
9.2399 9 
9.2499 9 
9.2599 9 
9.2699 9 
9.2799 9 
9.2899 9 
9.2999 9 
9.3099 9 
9.3199 9 
9.3299 9 
9.3399 9 
9.3499 9 
9.3599 9 
9.3699 9 
9.3799 9 
9.3899 9 
9.3999 9 
9.4099 9 
9.4199 9 
9.4299 9 
9.4399 9 
9.4499 9 
9.4599 9 
9.4699 9 
9.4799 9 
9.4899 9 
9.4999 9 
9.5099 9 
9.5199 9 
9.5299 9 
9.5399 9 
9.5499 9 
9.5599 9 
9.5699 9 
9.5799 9 
9.5899 9 
9.5999 9 
9.6099 9 
9.6199 9 
9.6299 9 
9.6399 9 
9.6499 9 
9.6599 9 
9.6699 9 
9.6799 9 
9.6899 9 
9.6999 9 
9.7099 9 
9.7199 9 
9.7299 9 
9.7399 9 
9.7499 9 
9.7599 9 
9.7699 9 
9.7799 9 
9.7899 9 
9.7999 9 
9.8099 9 
9.8199 9 
9.8299 9 
9.8399 9 
9.8499 9 
9.8599 9 
9.8699 9 
9.8799 9 
9.8899 9 
9.8999 9 
9.9099 9 
9.9199 9 
9.9299 9 
9.9399 9 
9.9499 9 
9.9599 9 
9.9699 9 
9.9799 9 
9.9899 9 
9.9999 9 
