0.01 2 
0.02 3 
0.0299 3 
0.0400 3 
0.0500 4 
0.0600 5 
0.0700 6 
0.0800 8 
0.0899 9 
0.0999 10 
0.1099 11 
0.1199 11 
0.1299 14 
0.1399 14 
0.1499 15 
0.16 16 
0.1700 17 
0.1800 20 
0.1900 20.09 
0.2000 20.24 
0.2100 20.24 
0.2200 20.34 
0.2300 2 
0.2400 5 
0.2500 6 
0.2600 9 
0.2700 9 
0.2800 10.1 
0.2900 10.39 
0.3000 10.58 
0.3100 10.77 
0.3200 10.77 
0.3300 10.77 
0.3400 10.77 
0.3500 10.77 
0.3600 10.77 
0.3700 10.77 
0.3800 10.86 
0.3900 2 
0.4000 5 
0.4100 5.2 
0.4200 5.2 
0.4300 5.2 
0.4400 5.2 
0.4500 5.2 
0.4600 5.2 
0.4700 5.2 
0.4800 5.392 
0.4900 5.392 
0.5000 5.392 
0.5100 5.577 
0.5200 5.577 
0.5300 5.577 
0.5400 5.577 
0.5500 5.577 
0.5600 5.930 
0.5700 5.930 
0.5800 6.263 
0.5900 6.578 
0.6000 6.879 
0.6100 7.024 
0.6200 7.306 
0.6300 7.709 
0.6400 7.709 
0.6500 7.709 
0.6600 8.457 
0.6700 8.692 
0.6800 8.921 
0.6900 9.033 
0.7000 9.573 
0.7100 9.573 
0.7200 10.08 
0.7300 10.28 
0.7400 10.57 
0.7500 10.57 
0.7600 10.75 
0.7700 10.94 
0.7800 11.30 
0.7900 11.30 
0.8000 11.48 
0.8100 11.74 
0.8200 11.99 
0.8300 12.16 
0.8400 4 
0.8500 6.166 
0.8600 6.328 
0.8700 6.791 
0.8800 6.791 
0.8900 6.791 
0.9000 6.938 
0.9100 7.762 
0.9200 7.762 
0.9300 7.762 
0.9400 7.891 
0.9500 8.386 
0.9600 8.506 
0.9700 8.623 
0.9800 9.078 
0.9900 9.297 
1.0000 9.616 
1.0100 9.823 
1.0200 10.61 
1.0300 3 
1.0400 5 
1.0500 5.392 
1.0600 5.577 
1.0700 5.577 
1.0800 6.099 
1.0900 6.578 
1.1000 7.024 
1.1100 7.306 
1.1200 7.443 
1.1300 7.839 
1.1400 8.337 
1.1500 8.337 
1.1600 8.337 
1.1700 8.457 
1.1800 8.807 
1.1900 9.033 
1.2000 9.781 
1.2100 10.28 
1.2200 10.28 
1.2300 10.94 
1.2400 11.03 
1.2500 11.03 
1.2600 11.30 
1.2700 11.48 
1.2800 11.82 
1.2900 11.82 
1.3000 11.82 
1.3100 12.24 
1.3200 12.64 
1.3300 13.03 
1.3400 13.11 
1.3500 13.19 
1.3600 13.34 
1.3700 13.71 
1.3800 13.78 
1.3900 13.78 
1.4000 13.85 
1.4100 14.07 
1.4200 14.49 
1.4300 1 
1.4400 6 
1.4500 7.420 
1.4600 7.554 
1.4700 7.554 
1.4800 7.554 
1.4900 7.554 
1.5000 8.437 
1.5100 8.555 
1.5200 8.555 
1.5300 8.555 
1.5400 8.555 
1.5500 8.672 
1.5600 8.788 
1.5700 9.125 
1.5800 9.125 
1.5900 9.125 
1.6000 9.234 
1.6100 9.555 
1.6200 9.763 
1.6300 9.866 
1.6400 10.06 
1.6500 10.55 
1.6600 10.74 
1.6700 10.83 
1.6800 10.83 
1.6900 10.83 
1.7000 10.83 
1.7100 1 
1.7200 4 
1.7300 5.930 
1.7400 5.930 
1.7500 6.578 
1.7600 7.024 
1.7700 7.024 
1.7800 7.024 
1.7900 7.024 
1.8000 3.333 
1.8100 3.633 
1.8200 4.164 
1.8300 4.164 
1.8400 4.404 
1.8500 4.631 
1.8600 2 
1.8700 2 
1.8800 2 
1.8900 2.5 
1.9000 2.9 
1.9100 3.244 
1.9200 3.244 
1.9300 3.553 
1.9400 3.834 
1.9500 4.569 
1.9600 4.569 
1.9700 4.569 
1.9800 4.569 
1.9900 4.569 
2.0000 4.788 
2.0100 4.788 
2.0200 5.197 
2.0300 5.197 
2.0400 5.390 
2.0500 6.097 
2.0600 6.261 
2.0699 6.261 
2.0799 6.261 
2.0899 6.421 
2.0999 6.877 
2.1099 7.304 
2.1199 8.090 
2.1299 8.336 
2.1399 9.031 
2.1499 9.360 
2.1599 9.780 
2.1699 9.983 
2.1799 10.28 
2.1899 10.66 
2.1999 10.85 
2.2099 11.12 
2.2199 11.74 
2.2299 12.07 
2.2399 12.56 
2.2499 12.72 
2.2599 13.03 
2.2699 13.11 
2.2799 13.18 
2.2899 13.18 
2.2999 4 
2.3099 6 
2.3199 6.640 
2.3299 6.640 
2.3399 7.082 
2.3499 7.082 
2.3599 7.082 
2.3699 7.082 
2.3799 7.082 
2.3899 7.082 
2.3999 7.082 
2.4099 7.082 
2.4199 7.082 
2.4299 7.631 
2.4399 8.265 
2.4499 8.265 
2.4599 4 
2.4699 4.25 
2.4799 4.25 
2.4899 4.485 
2.4999 4.708 
2.5099 4.708 
2.5199 5.123 
2.5299 5.123 
2.5399 5.319 
2.5499 5.507 
2.5599 5.507 
2.5699 2 
2.5799 2.9 
2.5899 3.834 
2.5999 3.834 
2.6099 3.834 
2.6199 3.834 
2.6299 4.095 
2.6399 4.569 
2.6499 4.788 
2.6599 5.197 
2.6699 5.390 
2.6799 6.261 
2.6899 6.576 
2.6999 6.576 
2.7099 1 
2.7199 3 
2.7299 3.908 
2.7399 5.053 
2.7499 5.975 
2.7599 5.975 
2.7699 6.464 
2.7799 6.619 
2.7899 6.770 
2.7999 7.062 
2.8099 7.204 
2.8199 7.479 
2.8299 7.479 
2.8399 8.000 
2.8499 8.125 
2.8599 8.125 
2.8699 8.125 
2.8799 8.125 
2.8899 8.248 
2.8999 8.489 
2.9099 8.723 
2.9199 8.837 
2.9299 9.172 
2.9399 9.389 
2.9499 9.808 
2.9599 9.808 
2.9699 9.808 
2.9799 1 
2.9899 2 
2.9999 4.708 
3.0099 4.920 
3.0199 5.123 
3.0299 5.123 
3.0399 5.319 
3.0499 5.864 
3.0599 6.200 
3.0699 6.672 
3.0799 6.968 
3.0899 6.968 
3.0999 6.968 
3.1099 6.968 
3.1199 6.968 
3.1299 7.112 
3.1399 7.659 
3.1499 7.918 
3.1599 7.918 
3.1699 8.763 
3.1799 8.990 
3.1899 9.211 
3.1999 9.427 
3.2099 2 
3.2199 4.485 
3.2299 4.708 
3.2399 4.708 
3.2499 4.708 
3.2599 4.708 
3.2699 4.708 
3.2799 4.708 
3.2899 5.123 
3.2999 5.507 
3.3099 5.507 
3.3199 6.200 
3.3299 6.519 
3.3399 6.519 
3.3499 7.112 
3.3599 7.253 
3.3699 7.253 
3.3799 7.390 
3.3899 1 
3.3999 2 
3.4099 3.333 
3.4199 3.908 
3.4299 3.908 
3.4399 3.908 
3.4499 4.404 
3.4599 5.053 
3.4699 5.442 
3.4799 2 
3.4899 2.5 
3.4999 2.9 
3.5099 3.244 
3.5199 3.553 
3.5299 3.553 
3.5399 3.553 
3.5499 3.553 
3.5599 4.095 
3.5699 4.569 
3.5799 2 
3.5899 2 
3.5999 2.9 
3.6099 3.553 
3.6199 3.553 
3.6299 3.553 
3.6399 3.553 
3.6499 3.553 
3.6599 4.339 
3.6699 4.339 
3.6799 2 
3.6899 2.5 
3.6999 2.9 
3.7099 2.9 
3.7199 2.9 
3.7299 3.834 
3.7399 2.5 
3.7499 3.244 
3.7599 3.244 
3.7699 3.553 
3.7799 4.339 
3.7899 4.339 
3.7999 4.339 
3.8099 4.997 
3.8199 5.390 
3.8299 5.390 
3.8399 5.754 
3.8499 6.261 
3.8599 6.728 
3.8699 6.728 
3.8799 7.165 
3.8899 7.441 
3.8999 7.965 
3.9099 8.574 
3.9199 8.574 
3.9299 8.691 
3.9399 8.806 
3.9499 8.806 
3.9599 8.919 
3.9699 9.360 
3.9799 9.676 
3.9899 1 
3.9999 1 
4.0099 1 
4.0199 1 
4.0299 4 
4.0399 4.708 
4.0499 4.920 
4.0599 4.920 
4.0699 4.920 
4.0799 5.319 
4.0899 2 
4.0999 3.244 
4.1099 3.244 
4.1199 3.553 
4.1299 4.339 
4.1399 4.339 
4.1499 4.569 
4.1599 4.788 
4.1699 4.788 
4.1799 4.997 
4.1899 5.390 
4.1999 5.390 
4.2099 2.5 
4.2199 2.5 
4.2299 2.9 
4.2399 3.244 
4.2499 3.244 
4.2599 3.244 
4.2699 3.244 
4.2799 3.553 
4.2899 4.569 
4.2999 4.569 
4.3099 4.569 
4.3199 4.788 
4.3299 5.575 
4.3399 5.928 
4.3499 6.421 
4.3599 6.728 
4.3699 6.877 
4.3799 7.304 
4.3899 2 
4.3999 3.633 
4.4099 3.908 
4.4199 4.404 
4.4299 4.631 
4.4399 4.631 
4.4499 5.053 
4.4599 5.251 
4.4699 5.442 
4.4799 5.625 
4.4899 5.975 
4.4999 6.770 
4.5099 7.204 
4.5199 7.479 
4.5299 8.000 
4.5399 8.248 
4.5499 8.606 
4.5599 8.837 
4.5699 1 
4.5799 4.25 
4.5899 4.920 
4.5999 4.920 
4.6099 5.123 
4.6199 5.688 
4.6299 5.864 
4.6399 6.034 
4.6499 6.200 
4.6599 6.519 
4.6699 6.519 
4.6799 1 
4.6899 3.333 
4.6999 3.333 
4.7099 3.333 
4.7199 3.333 
4.7299 3.333 
4.7399 4.164 
4.7499 4.847 
4.7599 5.053 
4.7699 5.442 
4.7799 5.803 
4.7899 6.143 
4.7999 6.464 
4.8099 6.464 
4.8199 6.464 
4.8299 6.464 
4.8399 6.464 
4.8499 7.062 
4.8599 7.062 
4.8699 7.062 
4.8799 7.062 
4.8899 7.744 
4.8999 8.248 
4.9099 8.723 
4.9199 8.837 
4.9299 9.172 
4.9399 9.496 
4.9499 9.601 
4.9599 1 
4.9699 2 
4.9799 3 
4.9899 4 
4.9999 4.485 
5.0099 5.123 
5.0199 5.123 
5.0299 5.123 
5.0399 5.688 
5.0499 6.034 
5.0599 6.200 
5.0699 6.519 
5.0799 6.968 
5.0899 7.253 
5.0999 7.659 
5.1099 8.168 
5.1199 8.647 
5.1299 8.990 
5.1399 9.211 
5.1499 9.533 
5.1599 9.638 
5.1699 9.638 
5.1799 9.844 
5.1899 9.946 
5.1999 9.946 
5.2099 10.24 
5.2199 10.62 
5.2299 10.62 
5.2399 10.90 
5.2499 10.90 
5.2599 11.09 
5.2699 11.36 
5.2799 11.62 
5.2899 11.87 
5.2999 11.96 
5.3099 12.04 
5.3199 12.29 
5.3299 12.77 
5.3399 13.16 
5.3499 13.31 
5.3599 13.38 
5.3699 13.53 
5.3799 13.53 
5.3899 13.53 
5.3999 13.53 
5.4099 1 
5.4199 6 
5.4299 6.328 
5.4399 6.328 
5.4499 6.486 
5.4599 6.640 
5.4699 6.640 
5.4799 6.938 
5.4899 7.362 
5.4999 7.362 
5.5099 7.762 
5.5199 8.386 
5.5299 8.386 
5.5399 8.506 
5.5499 8.506 
5.5599 8.506 
5.5699 1 
5.5799 2 
5.5899 2 
5.5999 4 
5.6099 4 
5.6199 4 
5.6299 4.708 
5.6399 5.123 
5.6499 5.123 
5.6599 5.319 
5.6699 5.688 
5.6799 5.864 
5.6899 6.200 
5.6999 6.519 
5.7099 6.968 
5.7199 7.390 
5.7299 7.659 
5.7399 7.789 
5.7499 7.918 
5.7599 8.168 
5.7699 8.291 
5.7799 8.291 
5.7899 8.411 
5.7999 8.411 
5.8099 8.647 
5.8199 8.877 
5.8299 8.877 
5.8399 8.877 
5.8499 1 
5.8599 2 
5.8699 3 
5.8799 4 
5.8899 4 
5.8999 5.123 
5.9099 5.319 
5.9199 5.319 
5.9299 5.319 
5.9399 5.319 
5.9499 5.319 
5.9599 6.034 
5.9699 6.519 
5.9799 6.519 
5.9899 6.968 
5.9999 7.253 
6.0099 7.390 
6.0199 7.390 
6.0299 7.390 
6.0399 7.659 
6.0499 7.659 
6.0599 7.918 
6.0699 8.291 
6.0799 8.291 
6.0899 8.291 
6.0999 8.291 
6.1099 4 
6.1199 4.485 
6.1299 5.123 
6.1399 5.123 
6.1499 5.688 
6.1599 6.519 
6.1699 6.968 
6.1799 1 
6.1899 2 
6.1999 4.164 
6.2099 4.404 
6.2199 4.404 
6.2299 4.404 
6.2399 4.404 
6.2499 4.847 
6.2599 5.442 
6.2699 5.625 
6.2799 5.975 
6.2899 5.975 
6.2999 6.464 
6.3099 6.918 
6.3199 7.062 
6.3299 7.479 
6.3399 7.744 
6.3499 8.000 
6.3599 8.125 
6.3699 8.950 
6.3799 9.172 
6.3899 9.601 
6.3999 4 
6.4099 5.507 
6.4199 5.507 
6.4299 5.507 
6.4399 5.507 
6.4499 5.507 
6.4599 5.507 
6.4699 5.507 
6.4799 5.864 
6.4899 6.200 
6.4999 6.361 
6.5099 6.822 
6.5199 7.112 
6.5299 7.253 
6.5399 7.526 
6.5499 7.918 
6.5599 8.411 
6.5699 8.647 
6.5799 9.211 
6.5899 9.533 
6.5999 9.946 
6.6099 10.14 
6.6199 10.43 
6.6299 10.43 
6.6399 10.53 
6.6499 10.53 
6.6599 11.27 
6.6699 11.27 
6.6799 11.44 
6.6899 11.62 
6.6999 11.62 
6.7099 3 
6.7199 3 
6.7299 4 
6.7399 5.392 
6.7499 5.577 
6.7599 5.577 
6.7699 5.577 
6.7799 5.930 
6.7899 6.422 
6.7999 6.879 
6.8099 7.306 
6.8199 7.443 
6.8299 7.443 
6.8399 2 
6.8499 4.164 
6.8599 4.164 
6.8699 4.164 
6.8799 4.631 
6.8899 4.631 
6.8999 5.053 
6.9099 5.053 
6.9199 5.625 
6.9299 5.625 
6.9399 5.803 
6.9499 6.143 
6.9599 6.306 
6.9699 6.464 
6.9799 6.619 
6.9899 6.918 
6.9999 7.204 
7.0099 7.479 
7.0199 7.612 
7.0299 8.000 
7.0399 8.000 
7.0499 8.000 
7.0599 8.369 
7.0699 8.606 
7.0799 9.062 
7.0899 9.389 
7.0999 9.496 
7.1099 9.601 
7.1199 10.01 
7.1299 10.30 
7.1399 10.40 
7.1499 10.50 
7.1599 10.69 
7.1699 10.96 
7.1799 11.15 
7.1899 11.24 
7.1999 11.41 
7.2099 11.93 
7.2199 12.01 
7.2299 12.18 
7.2399 12.18 
7.2499 12.18 
7.2599 12.18 
7.2699 12.18 
7.2799 12.18 
7.2899 12.50 
7.2999 12.82 
7.3099 13.05 
7.3199 13.05 
7.3299 13.05 
7.3399 13.05 
7.3499 13.05 
7.3599 13.13 
7.3699 2 
7.3799 6 
7.3899 6.328 
7.3999 6.328 
7.4099 6.640 
7.4199 6.791 
7.4299 6.938 
7.4399 6.938 
7.4499 6.938 
7.4599 7.082 
7.4699 7.224 
7.4799 7.631 
7.4899 7.762 
7.4999 7.891 
7.5099 8.265 
7.5199 8.265 
7.5299 8.386 
7.5399 8.506 
7.5499 8.623 
7.5599 8.966 
7.5699 9.616 
7.5799 10.12 
7.5899 10.41 
7.5999 10.61 
7.6099 10.70 
7.6199 1 
7.6299 1 
7.6399 4 
7.6499 5.392 
7.6599 5.577 
7.6699 5.577 
7.6799 5.577 
7.6899 5.577 
7.6999 5.577 
7.7099 5.577 
7.7199 5.930 
7.7299 5.930 
7.7399 5.930 
7.7499 5.930 
7.7599 6.263 
7.7699 6.263 
7.7799 6.422 
7.7899 6.422 
7.7999 6.422 
7.8099 6.422 
7.8199 6.422 
7.8299 2 
7.8399 3.333 
7.8499 3.333 
7.8599 3.333 
7.8699 3.908 
7.8799 3.908 
7.8899 3.908 
7.8999 4.404 
7.9099 2 
7.9199 2.9 
7.9299 2.9 
7.9399 3.244 
7.9499 3.244 
7.9599 3.244 
7.9699 3.244 
7.9799 3.244 
7.9899 3.553 
7.9999 3.553 
8.0099 3.834 
8.0199 4.095 
8.0299 4.788 
8.0399 4.997 
8.0499 4.997 
8.0599 5.197 
8.0699 5.197 
8.0799 5.390 
8.0899 5.390 
8.0999 5.575 
8.1099 5.754 
8.1199 5.754 
8.1299 6.421 
8.1399 6.421 
8.1499 6.877 
8.1599 7.304 
8.1699 7.304 
8.1799 7.708 
8.1899 7.837 
8.1999 8.090 
8.2099 8.090 
8.2199 8.691 
8.2299 8.806 
8.2399 8.919 
8.2499 2 
8.2599 4.485 
8.2699 4.485 
8.2799 4.920 
8.2899 5.123 
8.2999 5.123 
8.3099 5.123 
8.3199 5.123 
8.3299 5.123 
8.3399 5.123 
8.3499 5.864 
8.3599 6.200 
8.3699 6.200 
8.3799 6.200 
8.3899 6.672 
8.3999 6.968 
8.4099 6.968 
8.4199 6.968 
8.4299 7.390 
8.4399 7.390 
8.4499 3 
8.4599 3 
8.4699 3.908 
8.4799 4.404 
8.4899 4.404 
8.4999 4.404 
8.5099 5.053 
8.5199 5.625 
8.5299 5.803 
8.5399 6.143 
8.5499 6.143 
8.5599 6.306 
8.5699 6.770 
8.5799 7.343 
8.5899 7.873 
8.5999 8.489 
8.6099 8.950 
8.6199 9.496 
8.6299 9.496 
8.6399 10.01 
8.6499 10.11 
8.6599 10.21 
8.6699 10.40 
8.6799 10.50 
8.6899 10.50 
8.6999 10.50 
8.7099 1 
8.7199 3 
8.7299 5.2 
8.7399 5.757 
8.7499 5.757 
8.7599 5.757 
8.7699 5.757 
8.7799 5.757 
8.7899 5.757 
8.7999 5.930 
8.8099 5.930 
8.8199 6.422 
8.8299 6.730 
8.8399 6.879 
8.8499 6.879 
8.8599 7.166 
8.8699 3 
8.8799 4.164 
8.8899 4.404 
8.8999 4.404 
8.9099 4.631 
8.9199 5.053 
8.9299 5.442 
8.9399 5.442 
8.9499 6.306 
8.9599 6.464 
8.9699 6.918 
8.9799 7.343 
8.9899 7.343 
8.9999 7.612 
9.0099 7.873 
9.0199 8.248 
9.0299 8.369 
9.0399 1 
9.0499 4.25 
9.0599 4.485 
9.0699 4.920 
9.0799 4.920 
9.0899 5.123 
9.0999 5.319 
9.1099 5.688 
9.1199 5.864 
9.1299 6.200 
9.1399 6.200 
9.1499 6.361 
9.1599 6.672 
9.1699 6.822 
9.1799 7.390 
9.1899 7.526 
9.1999 7.659 
9.2099 7.789 
9.2199 8.411 
9.2299 8.647 
9.2399 8.763 
9.2499 9.211 
9.2599 9.319 
9.2699 9.427 
9.2799 9.946 
9.2899 9.946 
9.2999 10.04 
9.3099 10.04 
9.3199 10.14 
9.3299 10.34 
9.3399 10.53 
9.3499 10.72 
9.3599 10.81 
9.3699 10.90 
9.3799 10.90 
9.3899 11.62 
9.3999 11.62 
9.4099 11.79 
9.4199 11.96 
9.4299 12.12 
9.4399 12.37 
9.4499 12.53 
9.4599 12.53 
9.4699 12.69 
9.4799 12.85 
9.4899 13.08 
9.4999 13.16 
9.5099 2 
9.5199 3 
9.5299 5 
9.5399 6.166 
9.5499 6.328 
9.5599 6.640 
9.5699 6.640 
9.5799 6.640 
9.5899 6.640 
9.5999 6.640 
9.6099 6.640 
9.6199 6.640 
9.6299 7.082 
9.6399 7.224 
9.6499 7.498 
9.6599 7.762 
9.6699 8.265 
9.6799 8.623 
9.6899 8.853 
9.6999 8.966 
9.7099 9.297 
9.7199 9.511 
9.7299 9.616 
9.7399 9.823 
9.7499 10.12 
9.7599 10.32 
9.7699 10.32 
9.7799 10.51 
9.7899 10.70 
9.7999 11.16 
9.8099 11.16 
9.8199 11.25 
9.8299 11.25 
9.8399 11.43 
9.8499 11.77 
9.8599 12.11 
9.8699 12.27 
9.8799 12.27 
9.8899 12.51 
9.8999 12.75 
9.9099 13.06 
9.9199 13.22 
9.9299 13.22 
9.9399 13.22 
9.9499 13.29 
9.9599 13.74 
9.9699 3 
9.9799 4 
9.9899 6.166 
9.9999 6.486 
