0.01 8 
0.02 8 
0.0299 8 
0.0400 8 
0.0500 8 
0.0600 8 
0.0700 8 
0.0800 8 
0.0899 8 
0.0999 8 
0.1099 8 
0.1199 8 
0.1299 8 
0.1399 8 
0.1499 8 
0.16 8 
0.1700 8 
0.1800 8 
0.1900 8 
0.2000 8 
0.2100 8 
0.2200 8 
0.2300 8 
0.2400 8 
0.2500 8 
0.2600 8 
0.2700 8 
0.2800 8 
0.2900 8 
0.3000 9 
0.3100 9 
0.3200 9 
0.3300 9 
0.3400 9 
0.3500 9 
0.3600 9 
0.3700 9 
0.3800 9 
0.3900 13 
0.4000 13 
0.4100 13 
0.4200 13 
0.4300 13 
0.4400 13 
0.4500 13 
0.4600 13 
0.4700 13 
0.4800 13 
0.4900 13 
0.5000 13 
0.5100 13 
0.5200 13 
0.5300 13 
0.5400 13 
0.5500 13 
0.5600 13 
0.5700 13 
0.5800 16 
0.5900 15 
0.6000 15 
0.6100 15 
0.6200 15 
0.6300 15 
0.6400 15 
0.6500 15 
0.6600 15 
0.6700 15 
0.6800 15 
0.6900 15 
0.7000 15 
0.7100 15 
0.7200 15 
0.7300 15 
0.7400 15 
0.7500 15 
0.7600 15 
0.7700 15 
0.7800 15 
0.7900 15 
0.8000 15 
0.8100 15 
0.8200 15 
0.8300 15 
0.8400 15 
0.8500 15 
0.8600 15 
0.8700 15 
0.8800 15 
0.8900 15 
0.9000 15 
0.9100 15 
0.9200 15 
0.9300 15 
0.9400 15 
0.9500 15 
0.9600 15 
0.9700 15 
0.9800 16 
0.9900 15 
1.0000 15 
1.0100 15 
1.0200 15 
1.0300 15 
1.0400 15 
1.0500 15 
1.0600 15 
1.0700 15 
1.0800 15 
1.0900 15 
1.1000 15 
1.1100 15 
1.1200 15 
1.1300 15 
1.1400 15 
1.1500 15 
1.1600 15 
1.1700 15 
1.1800 15 
1.1900 15 
1.2000 15 
1.2100 15 
1.2200 15 
1.2300 15 
1.2400 15 
1.2500 15 
1.2600 15 
1.2700 15 
1.2800 15 
1.2900 15 
1.3000 15 
1.3100 15 
1.3200 15 
1.3300 15 
1.3400 15 
1.3500 15 
1.3600 15 
1.3700 15 
1.3800 15 
1.3900 15 
1.4000 15 
1.4100 15 
1.4200 15 
1.4300 15 
1.4400 15 
1.4500 15 
1.4600 15 
1.4700 15 
1.4800 15 
1.4900 15 
1.5000 15 
1.5100 15 
1.5200 15 
1.5300 15 
1.5400 15 
1.5500 15 
1.5600 15 
1.5700 15 
1.5800 15 
1.5900 15 
1.6000 15 
1.6100 15 
1.6200 15 
1.6300 15 
1.6400 15 
1.6500 15 
1.6600 15 
1.6700 15 
1.6800 15 
1.6900 15 
1.7000 15 
1.7100 15 
1.7200 15 
1.7300 15 
1.7400 15 
1.7500 15 
1.7600 15 
1.7700 15 
1.7800 15 
1.7900 15 
1.8000 15 
1.8100 15 
1.8200 15 
1.8300 15 
1.8400 15 
1.8500 15 
1.8600 15 
1.8700 15 
1.8800 15 
1.8900 15 
1.9000 15 
1.9100 15 
1.9200 15 
1.9300 15 
1.9400 15 
1.9500 15 
1.9600 15 
1.9700 15 
1.9800 15 
1.9900 15 
2.0000 15 
2.0100 15 
2.0200 15 
2.0300 15 
2.0400 15 
2.0500 15 
2.0600 15 
2.0699 15 
2.0799 15 
2.0899 15 
2.0999 15 
2.1099 15 
2.1199 15 
2.1299 15 
2.1399 15 
2.1499 15 
2.1599 15 
2.1699 15 
2.1799 15 
2.1899 15 
2.1999 15 
2.2099 15 
2.2199 15 
2.2299 15 
2.2399 15 
2.2499 15 
2.2599 15 
2.2699 15 
2.2799 15 
2.2899 15 
2.2999 15 
2.3099 15 
2.3199 15 
2.3299 15 
2.3399 15 
2.3499 15 
2.3599 15 
2.3699 15 
2.3799 15 
2.3899 15 
2.3999 15 
2.4099 15 
2.4199 15 
2.4299 15 
2.4399 15 
2.4499 15 
2.4599 15 
2.4699 15 
2.4799 15 
2.4899 15 
2.4999 15 
2.5099 15 
2.5199 15 
2.5299 15 
2.5399 15 
2.5499 15 
2.5599 15 
2.5699 15 
2.5799 15 
2.5899 15 
2.5999 15 
2.6099 15 
2.6199 15 
2.6299 15 
2.6399 15 
2.6499 15 
2.6599 15 
2.6699 15 
2.6799 15 
2.6899 15 
2.6999 15 
2.7099 15 
2.7199 15 
2.7299 15 
2.7399 15 
2.7499 15 
2.7599 15 
2.7699 15 
2.7799 15 
2.7899 15 
2.7999 15 
2.8099 15 
2.8199 15 
2.8299 15 
2.8399 15 
2.8499 15 
2.8599 15 
2.8699 15 
2.8799 15 
2.8899 15 
2.8999 15 
2.9099 15 
2.9199 15 
2.9299 15 
2.9399 15 
2.9499 15 
2.9599 15 
2.9699 15 
2.9799 15 
2.9899 15 
2.9999 15 
3.0099 15 
3.0199 15 
3.0299 15 
3.0399 15 
3.0499 15 
3.0599 15 
3.0699 15 
3.0799 15 
3.0899 15 
3.0999 15 
3.1099 15 
3.1199 15 
3.1299 15 
3.1399 15 
3.1499 15 
3.1599 15 
3.1699 15 
3.1799 15 
3.1899 15 
3.1999 15 
3.2099 15 
3.2199 15 
3.2299 15 
3.2399 15 
3.2499 15 
3.2599 15 
3.2699 15 
3.2799 15 
3.2899 15 
3.2999 15 
3.3099 15 
3.3199 15 
3.3299 15 
3.3399 15 
3.3499 15 
3.3599 15 
3.3699 15 
3.3799 15 
3.3899 15 
3.3999 15 
3.4099 15 
3.4199 15 
3.4299 15 
3.4399 15 
3.4499 15 
3.4599 15 
3.4699 15 
3.4799 15 
3.4899 15 
3.4999 15 
3.5099 15 
3.5199 15 
3.5299 15 
3.5399 15 
3.5499 15 
3.5599 15 
3.5699 15 
3.5799 15 
3.5899 15 
3.5999 15 
3.6099 15 
3.6199 15 
3.6299 15 
3.6399 15 
3.6499 15 
3.6599 15 
3.6699 15 
3.6799 15 
3.6899 15 
3.6999 15 
3.7099 15 
3.7199 15 
3.7299 15 
3.7399 15 
3.7499 15 
3.7599 15 
3.7699 15 
