0.01 2 
0.02 2 
0.0299 6 
0.0400 10 
0.0500 13 
0.0600 2 
0.0700 4 
0.0800 4 
0.0899 6.486 
0.0999 6.791 
0.1099 6.938 
0.1199 6.938 
0.1299 6.938 
0.1399 6.938 
0.1499 6.938 
0.16 7.362 
0.1700 7.762 
0.1800 8.143 
0.1900 9.078 
0.2000 9.404 
0.2100 9.616 
0.2200 9.720 
0.2300 1 
0.2400 2 
0.2500 4.485 
0.2600 4.485 
0.2700 5.319 
0.2800 6.034 
0.2900 6.361 
0.3000 6.822 
0.3100 6.968 
0.3200 6.968 
0.3300 6.968 
0.3400 7.526 
0.3500 8.291 
0.3600 8.763 
0.3700 9.533 
0.3800 9.638 
0.3900 10.04 
0.4000 10.14 
0.4100 10.53 
0.4200 10.53 
0.4300 10.90 
0.4400 11.27 
0.4500 11.96 
0.4600 12.61 
0.4700 13.31 
0.4800 13.61 
0.4900 14.39 
0.5000 14.60 
0.5100 4 
0.5200 7 
0.5300 7 
0.5400 7 
0.5500 1 
0.5600 3.633 
0.5700 4.404 
0.5800 4.847 
0.5900 5.625 
0.6000 6.306 
0.6100 6.464 
0.6200 7.062 
0.6300 7.479 
0.6400 2 
0.6500 3.333 
0.6600 3.333 
0.6700 3.633 
0.6800 2 
0.6900 3.834 
0.7000 4.788 
0.7100 5.197 
0.7200 5.390 
0.7300 5.754 
0.7400 6.097 
0.7500 6.877 
0.7600 7.165 
0.7700 2 
0.7800 3.333 
0.7900 3.333 
0.8000 3.908 
0.8100 4.164 
0.8200 4.847 
0.8300 5.251 
0.8400 5.251 
0.8500 5.251 
0.8600 2 
0.8700 2.5 
0.8800 2.5 
0.8900 3.553 
0.9000 3.553 
0.9100 3.834 
0.9200 4.569 
0.9300 4.569 
0.9400 2.5 
0.9500 2.5 
0.9600 2.5 
0.9700 3.834 
0.9800 3.834 
0.9900 3.834 
1.0000 3.834 
1.0100 3.834 
1.0200 3.834 
1.0300 4.095 
1.0400 4.339 
1.0500 4.569 
1.0600 4.788 
1.0700 1 
1.0800 2.5 
1.0900 2.5 
1.1000 2.9 
1.1100 4.095 
1.1200 4.788 
1.1300 5.575 
1.1400 6.097 
1.1500 6.877 
1.1600 7.576 
1.1700 8.090 
1.1800 8.336 
1.1900 8.336 
1.2000 8.336 
1.2100 8.574 
1.2200 8.574 
1.2300 8.574 
1.2400 8.574 
1.2500 9.031 
1.2600 9.360 
1.2700 9.572 
1.2800 9.983 
1.2900 10.37 
1.3000 10.75 
1.3100 10.85 
1.3200 10.85 
1.3300 10.85 
1.3400 10.85 
1.3500 4 
1.3600 5 
1.3700 5.757 
1.3800 5.757 
1.3900 5.930 
1.4000 6.422 
1.4100 6.730 
1.4200 6.730 
1.4300 6.730 
1.4400 6.879 
1.4500 7.306 
1.4600 7.443 
1.4700 7.443 
1.4800 7.709 
1.4900 7.709 
1.5000 3.908 
1.5100 4.164 
1.5200 4.404 
1.5300 4.631 
1.5400 5.975 
1.5500 6.619 
1.5600 7.204 
1.5700 7.343 
1.5800 7.612 
1.5900 7.873 
1.6000 3 
1.6100 3.333 
1.6200 4.164 
1.6300 5.251 
1.6400 5.442 
1.6500 5.975 
1.6600 1 
1.6700 3.908 
1.6800 4.631 
1.6900 5.975 
1.7000 6.619 
1.7100 6.770 
1.7200 7.343 
1.7300 7.343 
1.7400 7.343 
1.7500 7.343 
1.7600 7.343 
1.7700 3.633 
1.7800 4.404 
1.7900 4.631 
1.8000 4.631 
1.8100 4.631 
1.8200 5.053 
1.8300 5.625 
1.8400 5.803 
1.8500 6.143 
1.8600 6.770 
1.8700 1 
1.8800 2 
1.8900 3 
1.9000 3 
1.9100 3.633 
1.9200 4.164 
1.9300 4.847 
1.9400 4.847 
1.9500 5.625 
1.9600 6.306 
1.9700 7.343 
1.9800 8.369 
1.9900 8.950 
2.0000 9.496 
2.0100 10.11 
2.0200 10.21 
2.0300 10.21 
2.0400 10.59 
2.0500 10.59 
2.0600 10.78 
2.0699 4 
2.0799 5 
2.0899 5.392 
2.0999 5.392 
2.1099 5.392 
2.1199 5.392 
2.1299 5.392 
2.1399 5.392 
2.1499 5.392 
2.1599 5.392 
2.1699 5.392 
2.1799 5.392 
2.1899 5.392 
2.1999 5.392 
2.2099 5.392 
2.2199 5.392 
2.2299 5.392 
2.2399 5.392 
2.2499 5.392 
2.2599 5.757 
2.2699 6.578 
2.2799 7.443 
2.2899 7.966 
2.2999 8.216 
2.3099 8.457 
2.3199 1 
2.3299 3 
2.3399 4.708 
2.3499 5.123 
2.3599 6.034 
2.3699 6.200 
2.3799 6.672 
2.3899 6.822 
2.3999 3.633 
2.4099 4.631 
2.4199 4.631 
2.4299 4.631 
2.4399 5.251 
2.4499 5.442 
2.4599 5.803 
2.4699 2 
2.4799 3.244 
2.4899 3.553 
2.4999 3.553 
2.5099 4.339 
2.5199 5.390 
2.5299 5.390 
2.5399 5.575 
2.5499 2.5 
2.5599 3.553 
2.5699 3.553 
2.5799 4.788 
2.5899 5.390 
2.5999 5.575 
2.6099 5.928 
2.6199 2.9 
2.6299 3.244 
2.6399 3.244 
2.6499 3.553 
2.6599 4.095 
2.6699 4.997 
2.6799 5.197 
2.6899 1 
2.6999 2 
2.7099 2.9 
2.7199 2.9 
2.7299 2.9 
2.7399 2.9 
2.7499 2.9 
2.7599 3.244 
2.7699 2.5 
2.7799 2.9 
2.7899 3.834 
2.7999 4.569 
2.8099 4.997 
2.8199 1 
2.8299 2.9 
2.8399 3.244 
2.8499 3.553 
2.8599 2.9 
2.8699 5.197 
2.8799 5.754 
2.8899 6.097 
2.8999 6.728 
2.9099 7.022 
2.9199 7.304 
2.9299 7.965 
2.9399 8.214 
2.9499 8.574 
2.9599 2 
2.9699 4.25 
2.9799 4.25 
2.9899 4.920 
2.9999 4.920 
3.0099 4.920 
3.0199 5.688 
3.0299 6.361 
3.0399 6.361 
3.0499 6.361 
3.0599 6.361 
3.0699 6.361 
3.0799 6.361 
3.0899 6.968 
3.0999 8.530 
3.1099 8.877 
3.1199 9.946 
3.1299 10.62 
3.1399 10.62 
3.1499 10.81 
3.1599 11.18 
3.1699 11.36 
3.1799 11.36 
3.1899 11.36 
3.1999 1 
3.2099 1 
3.2199 2 
3.2299 4 
3.2399 5.392 
3.2499 5.392 
3.2599 5.757 
3.2699 2.5 
3.2799 2.5 
3.2899 1 
3.2999 2 
3.3099 2.9 
3.3199 3.834 
3.3299 4.339 
3.3399 4.997 
3.3499 5.197 
3.3599 2 
3.3699 3.244 
3.3799 3.244 
3.3899 3.244 
3.3999 3.834 
3.4099 4.339 
3.4199 4.997 
3.4299 5.575 
3.4399 5.575 
3.4499 5.928 
3.4599 6.261 
3.4699 6.421 
3.4799 6.728 
3.4899 7.022 
3.4999 7.708 
3.5099 8.090 
3.5199 3 
3.5299 3 
3.5399 4 
3.5499 4 
3.5599 4.708 
3.5699 4.920 
3.5799 4.920 
3.5899 5.319 
3.5999 5.864 
3.6099 6.200 
3.6199 3.333 
3.6299 3.908 
3.6399 4.164 
3.6499 4.847 
3.6599 5.251 
3.6699 5.251 
3.6799 6.143 
3.6899 2 
3.6999 3 
3.7099 3.908 
3.7199 3.908 
3.7299 3.908 
3.7399 4.164 
3.7499 4.631 
3.7599 5.442 
3.7699 1 
3.7799 2.5 
3.7899 2.9 
3.7999 3.834 
3.8099 3.834 
3.8199 4.569 
3.8299 4.997 
3.8399 5.575 
3.8499 6.097 
3.8599 1 
3.8699 3 
3.8799 3 
3.8899 4.164 
3.8999 1 
3.9099 1 
3.9199 2.9 
3.9299 3.553 
3.9399 4.569 
3.9499 5.390 
3.9599 5.754 
3.9699 5.754 
3.9799 5.928 
3.9899 6.421 
3.9999 7.165 
4.0099 7.708 
4.0199 7.965 
4.0299 8.456 
4.0399 8.691 
4.0499 4 
4.0599 4.485 
4.0699 4.485 
4.0799 4.485 
4.0899 4.708 
4.0999 4.708 
4.1099 4.708 
4.1199 4.920 
4.1299 1 
4.1399 3.553 
4.1499 3.834 
4.1599 3.834 
4.1699 4.788 
4.1799 5.754 
4.1899 6.097 
4.1999 6.728 
4.2099 6.877 
4.2199 7.165 
4.2299 8.214 
4.2399 8.691 
4.2499 8.919 
4.2599 2 
4.2699 4.920 
4.2799 5.319 
4.2899 5.864 
4.2999 6.672 
4.3099 7.390 
4.3199 3.333 
4.3299 3.633 
4.3399 3.633 
4.3499 4.404 
4.3599 5.625 
4.3699 6.306 
4.3799 2 
4.3899 3.633 
4.3999 3.908 
4.4099 4.847 
4.4199 4.847 
4.4299 4.847 
4.4399 5.975 
4.4499 6.464 
4.4599 1 
4.4699 1 
4.4799 2 
4.4899 3.333 
4.4999 3.908 
4.5099 4.404 
4.5199 5.053 
4.5299 5.053 
4.5399 5.442 
4.5499 5.803 
4.5599 6.143 
4.5699 6.619 
4.5799 7.062 
4.5899 7.204 
4.5999 7.343 
4.6099 7.744 
4.6199 2 
4.6299 4.164 
4.6399 4.164 
4.6499 4.631 
4.6599 5.625 
4.6699 6.306 
4.6799 6.464 
4.6899 6.619 
4.6999 7.479 
4.7099 8.125 
4.7199 8.606 
4.7299 9.062 
4.7399 9.496 
4.7499 9.601 
4.7599 10.21 
4.7699 10.50 
4.7799 10.59 
4.7899 10.69 
4.7999 10.87 
4.8099 11.06 
4.8199 1 
4.8299 5.2 
4.8399 5.2 
4.8499 5.2 
4.8599 5.577 
4.8699 7.024 
4.8799 8.092 
4.8899 8.092 
4.8999 8.575 
4.9099 8.692 
4.9199 8.921 
4.9299 9.253 
4.9399 2 
4.9499 4.920 
4.9599 4.920 
4.9699 5.123 
4.9799 5.319 
4.9899 6.519 
4.9999 6.672 
5.0099 1 
5.0199 3.333 
5.0299 3.333 
5.0399 3.333 
5.0499 3.333 
5.0599 4.164 
5.0699 1 
5.0799 2.5 
5.0899 3.244 
5.0999 3.834 
5.1099 3.834 
5.1199 4.569 
5.1299 4.997 
5.1399 5.197 
5.1499 6.421 
5.1599 3.633 
5.1699 4.164 
5.1799 4.847 
5.1899 5.251 
5.1999 5.625 
5.2099 5.803 
5.2199 5.803 
5.2299 6.918 
5.2399 7.479 
5.2499 7.612 
5.2599 7.612 
5.2699 8.125 
5.2799 8.248 
5.2899 8.606 
5.2999 9.172 
5.3099 9.282 
5.3199 9.389 
5.3299 9.601 
5.3399 9.601 
5.3499 9.705 
5.3599 10.50 
5.3699 10.78 
5.3799 5 
5.3899 5.930 
5.3999 6.099 
5.4099 6.099 
5.4199 6.263 
5.4299 7.166 
5.4399 7.443 
5.4499 7.966 
5.4599 8.216 
5.4699 8.692 
5.4799 8.692 
5.4899 1 
5.4999 4.708 
5.5099 4.708 
5.5199 4.708 
5.5299 1 
5.5399 3.244 
5.5499 3.553 
5.5599 4.339 
5.5699 5.390 
5.5799 5.754 
5.5899 5.928 
5.5999 6.097 
5.6099 6.728 
5.6199 7.708 
5.6299 7.837 
5.6399 3 
5.6499 3.633 
5.6599 3.908 
5.6699 2 
5.6799 2.9 
5.6899 3.244 
5.6999 3.834 
5.7099 4.095 
5.7199 4.095 
5.7299 4.569 
5.7399 5.197 
5.7499 6.097 
5.7599 6.421 
5.7699 6.576 
5.7799 7.304 
5.7899 7.965 
5.7999 8.214 
5.8099 4.485 
5.8199 5.123 
5.8299 6.034 
5.8399 7.112 
5.8499 8.291 
5.8599 8.990 
5.8699 9.211 
5.8799 9.427 
5.8899 9.533 
5.8999 9.533 
5.9099 9.946 
5.9199 10.62 
5.9299 11.00 
5.9399 11.09 
5.9499 1 
5.9599 5.2 
5.9699 5.757 
5.9799 5.757 
5.9899 5.757 
5.9999 6.879 
6.0099 7.443 
6.0199 8.575 
6.0299 8.807 
6.0399 9.361 
6.0499 9.678 
6.0599 9.883 
6.0699 9.984 
6.0799 1 
6.0899 5 
6.0999 5.392 
6.1099 5.392 
6.1199 5.392 
6.1299 5.392 
6.1399 5.577 
6.1499 6.263 
6.1599 6.730 
6.1699 6.730 
6.1799 6.730 
6.1899 3 
6.1999 3.908 
6.2099 4.164 
6.2199 4.164 
6.2299 5.053 
6.2399 5.625 
6.2499 5.975 
6.2599 6.306 
6.2699 6.619 
6.2799 7.062 
6.2899 7.612 
6.2999 7.873 
6.3099 7.873 
6.3199 7.873 
6.3299 8.000 
6.3399 8.000 
6.3499 8.000 
6.3599 8.000 
6.3699 8.000 
6.3799 8.000 
6.3899 2 
6.3999 3 
6.4099 4 
6.4199 4.485 
6.4299 4.485 
6.4399 5.123 
6.4499 2 
6.4599 4.095 
6.4699 4.997 
6.4799 5.390 
6.4899 6.097 
6.4999 6.877 
6.5099 7.304 
6.5199 7.708 
6.5299 8.336 
6.5399 9.142 
6.5499 9.466 
6.5599 9.466 
6.5699 9.466 
6.5799 9.466 
6.5899 9.572 
6.5999 9.676 
6.6099 9.780 
6.6199 9.882 
6.6299 4.485 
6.6399 5.319 
6.6499 5.319 
6.6599 5.319 
6.6699 5.319 
6.6799 1 
6.6899 2.5 
6.6999 3.834 
6.7099 4.569 
6.7199 4.997 
6.7299 5.197 
6.7399 5.197 
6.7499 5.197 
6.7599 6.097 
6.7699 6.576 
6.7799 6.877 
6.7899 7.441 
6.7999 7.441 
6.8099 7.708 
6.8199 7.965 
6.8299 7.965 
6.8399 7.965 
6.8499 8.456 
6.8599 9.031 
6.8699 4 
6.8799 4.920 
6.8899 4.920 
6.8999 5.319 
6.9099 5.507 
6.9199 5.688 
6.9299 6.672 
6.9399 7.526 
6.9499 7.789 
6.9599 8.411 
6.9699 8.990 
6.9799 9.101 
6.9899 9.319 
6.9999 9.533 
7.0099 10.04 
7.0199 10.43 
7.0299 10.53 
7.0399 1 
7.0499 5 
7.0599 5.2 
7.0699 5.930 
7.0799 6.099 
7.0899 6.578 
7.0999 7.024 
7.1099 7.443 
7.1199 7.709 
7.1299 8.092 
7.1399 8.575 
7.1499 8.692 
7.1599 9.253 
7.1699 9.361 
7.1799 9.678 
7.1899 9.883 
7.1999 10.08 
7.2099 10.18 
7.2199 10.18 
7.2299 10.37 
7.2399 10.66 
7.2499 10.94 
7.2599 11.56 
7.2699 11.91 
7.2799 12.16 
7.2899 12.56 
7.2999 12.56 
7.3099 12.64 
7.3199 1 
7.3299 6.486 
7.3399 7.082 
7.3499 7.082 
7.3599 7.082 
7.3699 7.082 
7.3799 7.082 
7.3899 7.082 
7.3999 7.224 
7.4099 7.762 
7.4199 7.891 
7.4299 8.265 
7.4399 8.265 
7.4499 2 
7.4599 4.25 
7.4699 4.25 
7.4799 4.485 
7.4899 5.864 
7.4999 6.034 
7.5099 6.034 
7.5199 6.968 
7.5299 7.390 
7.5399 7.526 
7.5499 7.918 
7.5599 8.763 
7.5699 8.877 
7.5799 9.211 
7.5899 9.533 
7.5999 4 
7.6099 4.920 
7.6199 5.319 
7.6299 5.319 
7.6399 5.319 
7.6499 5.319 
7.6599 5.507 
7.6699 1 
7.6799 3.553 
7.6899 4.339 
7.6999 5.197 
7.7099 5.197 
7.7199 5.928 
7.7299 6.728 
7.7399 7.304 
7.7499 2 
7.7599 3.633 
7.7699 4.164 
7.7799 4.847 
7.7899 5.975 
7.7999 7.062 
7.8099 3 
7.8199 3.908 
7.8299 3.908 
7.8399 5.053 
7.8499 5.803 
7.8599 6.143 
7.8699 6.306 
7.8799 6.770 
7.8899 1 
7.8999 1 
7.9099 3.908 
7.9199 4.164 
7.9299 5.442 
7.9399 6.306 
7.9499 3.333 
7.9599 3.633 
7.9699 4.164 
7.9799 2 
7.9899 3.244 
7.9999 3.244 
8.0099 4.095 
8.0199 4.095 
8.0299 4.095 
8.0399 4.339 
8.0499 4.788 
8.0599 5.197 
8.0699 5.928 
8.0799 1 
8.0899 3.244 
8.0999 3.244 
8.1099 3.553 
8.1199 4.339 
8.1299 4.788 
8.1399 4.997 
8.1499 2 
8.1599 3.244 
8.1699 4.095 
8.1799 4.788 
8.1899 5.754 
8.1999 6.261 
8.2099 6.728 
8.2199 6.728 
8.2299 7.576 
8.2399 7.965 
8.2499 8.090 
8.2599 8.214 
8.2699 2 
8.2799 4.25 
8.2899 4.485 
8.2999 4.485 
8.3099 4.708 
8.3199 4.920 
8.3299 5.507 
8.3399 5.688 
8.3499 5.688 
8.3599 6.822 
8.3699 7.112 
8.3799 3 
8.3899 3.908 
8.3999 3.908 
8.4099 5.053 
8.4199 5.625 
8.4299 6.306 
8.4399 6.619 
8.4499 3.333 
8.4599 4.404 
8.4699 5.053 
8.4799 5.251 
8.4899 6.143 
8.4999 6.306 
8.5099 6.770 
8.5199 7.479 
8.5299 7.744 
8.5399 8.000 
8.5499 8.000 
8.5599 8.606 
8.5699 8.606 
8.5799 8.606 
8.5899 8.606 
8.5999 8.606 
8.6099 8.606 
8.6199 8.606 
8.6299 8.723 
8.6399 4 
8.6499 5.123 
8.6599 5.123 
8.6699 5.123 
8.6799 5.688 
8.6899 6.200 
8.6999 3.333 
8.7099 3.633 
8.7199 3.633 
8.7299 3.633 
8.7399 3.908 
8.7499 5.251 
8.7599 6.306 
8.7699 7.744 
8.7799 3 
8.7899 4.708 
8.7999 4.708 
8.8099 5.123 
8.8199 5.864 
8.8299 6.672 
8.8399 7.253 
8.8499 7.789 
8.8599 2 
8.8699 3 
8.8799 3.908 
8.8899 3.908 
8.8999 3.908 
8.9099 4.631 
8.9199 4.847 
8.9299 5.053 
8.9399 5.442 
8.9499 5.442 
8.9599 5.442 
8.9699 2.9 
8.9799 2.9 
8.9899 3.244 
8.9999 1 
9.0099 2.9 
9.0199 3.553 
9.0299 3.553 
9.0399 3.553 
9.0499 4.095 
9.0599 4.997 
9.0699 1 
9.0799 3.834 
9.0899 3.834 
9.0999 3.834 
9.1099 4.095 
9.1199 4.997 
9.1299 5.390 
9.1399 6.421 
9.1499 6.728 
9.1599 3.633 
9.1699 3.633 
9.1799 3.633 
9.1899 4.847 
9.1999 5.975 
9.2099 5.975 
9.2199 1 
9.2299 2.5 
9.2399 3.244 
9.2499 3.834 
9.2599 3.834 
9.2699 4.339 
9.2799 4.569 
9.2899 5.575 
9.2999 6.261 
9.3099 7.165 
9.3199 7.304 
9.3299 7.708 
9.3399 7.708 
9.3499 8.456 
9.3599 8.691 
9.3699 9.031 
9.3799 9.142 
9.3899 9.251 
9.3999 4 
9.4099 4.25 
9.4199 5.123 
9.4299 5.123 
9.4399 5.123 
9.4499 5.688 
9.4599 6.672 
9.4699 7.390 
9.4799 7.918 
9.4899 8.291 
9.4999 8.291 
9.5099 8.877 
9.5199 9.533 
9.5299 9.533 
9.5399 9.638 
9.5499 2 
9.5599 4.708 
9.5699 4.920 
9.5799 4.920 
9.5899 4.920 
9.5999 5.864 
9.6099 3 
9.6199 3.633 
9.6299 4.164 
9.6399 4.631 
9.6499 5.803 
9.6599 5.803 
9.6699 6.619 
9.6799 7.062 
9.6899 7.479 
9.6999 8.000 
9.7099 8.248 
9.7199 8.489 
9.7299 8.606 
9.7399 2 
9.7499 4.485 
9.7599 4.485 
9.7699 4.485 
9.7799 4.708 
9.7899 4.920 
9.7999 5.688 
9.8099 6.672 
9.8199 7.390 
9.8299 3.908 
9.8399 3.908 
9.8499 4.164 
9.8599 5.251 
9.8699 5.442 
9.8799 6.306 
9.8899 6.770 
9.8999 2 
9.9099 3 
9.9199 3 
9.9299 3.333 
9.9399 3.908 
9.9499 4.847 
9.9599 4.847 
9.9699 4.847 
9.9799 4.847 
9.9899 5.251 
9.9999 5.251 
