0.01 8 
0.02 8 
0.0299 8 
0.0400 8 
0.0500 10 
0.0600 10 
0.0700 10 
0.0800 12 
0.0899 12 
0.0999 12 
0.1099 12 
0.1199 12 
0.1299 16 
0.1399 16 
0.1499 16 
0.16 16 
0.1700 16 
0.1800 16 
0.1900 20 
0.2000 20 
0.2100 20 
0.2200 20 
0.2300 20 
0.2400 20 
0.2500 20 
0.2600 20 
0.2700 20 
0.2800 20 
0.2900 20 
0.3000 20 
0.3100 20 
0.3200 20 
0.3300 20 
0.3400 20 
0.3500 20 
0.3600 20 
0.3700 20 
0.3800 28 
0.3900 28 
0.4000 28 
0.4100 28 
0.4200 28 
0.4300 28 
0.4400 28 
0.4500 28 
0.4600 28 
0.4700 28 
0.4800 28 
0.4900 28 
0.5000 28 
0.5100 28 
0.5200 28 
0.5300 28 
0.5400 28 
0.5500 28 
0.5600 41 
0.5700 41 
0.5800 41 
0.5900 41 
0.6000 40 
0.6100 40 
0.6200 40 
0.6300 38 
0.6400 38 
0.6500 38 
0.6600 37 
0.6700 37 
0.6800 37 
0.6900 36 
0.7000 36 
0.7100 36 
0.7200 35 
0.7300 35 
0.7400 33 
0.7500 33 
0.7600 33 
0.7700 33 
0.7800 33 
0.7900 33 
0.8000 35 
0.8100 35 
0.8200 35 
0.8300 34 
0.8400 34 
0.8500 34 
0.8600 34 
0.8700 34 
0.8800 34 
0.8900 34 
0.9000 35 
0.9100 35 
0.9200 35 
0.9300 35 
0.9400 34 
0.9500 34 
0.9600 34 
0.9700 33 
0.9800 33 
0.9900 33 
1.0000 32 
1.0100 32 
1.0200 30 
1.0300 30 
1.0400 30 
1.0500 30 
1.0600 30 
1.0700 30 
1.0800 30 
1.0900 28 
1.1000 28 
1.1100 27 
1.1200 27 
1.1300 27 
1.1400 27 
1.1500 27 
1.1600 27 
1.1700 27 
1.1800 28 
1.1900 28 
1.2000 27 
1.2100 27 
1.2200 27 
1.2300 27 
1.2400 27 
1.2500 27 
1.2600 27 
1.2700 27 
1.2800 27 
1.2900 27 
1.3000 27 
1.3100 29 
1.3200 27 
1.3300 27 
1.3400 27 
1.3500 27 
1.3600 27 
1.3700 27 
1.3800 27 
1.3900 27 
1.4000 27 
1.4100 30 
1.4200 30 
1.4300 30 
1.4400 30 
1.4500 30 
1.4600 30 
1.4700 30 
1.4800 30 
1.4900 30 
1.5000 32 
1.5100 32 
1.5200 32 
1.5300 32 
1.5400 32 
1.5500 33 
1.5600 33 
1.5700 33 
1.5800 33 
1.5900 33 
1.6000 34 
1.6100 34 
1.6200 34 
1.6300 34 
1.6400 34 
1.6500 34 
1.6600 34 
1.6700 34 
1.6800 34 
1.6900 34 
1.7000 34 
1.7100 37 
1.7200 37 
1.7300 37 
1.7400 37 
1.7500 35 
1.7600 32 
1.7700 32 
1.7800 32 
1.7900 32 
1.8000 32 
1.8100 32 
1.8200 32 
1.8300 32 
1.8400 31 
1.8500 31 
1.8600 31 
1.8700 31 
1.8800 31 
1.8900 31 
1.9000 31 
1.9100 31 
1.9200 31 
1.9300 31 
1.9400 31 
1.9500 31 
1.9600 31 
1.9700 31 
1.9800 31 
1.9900 31 
2.0000 34 
2.0100 34 
2.0200 34 
2.0300 34 
2.0400 34 
2.0500 34 
2.0600 34 
2.0699 34 
2.0799 34 
2.0899 34 
2.0999 34 
2.1099 34 
2.1199 32 
2.1299 29 
2.1399 29 
2.1499 28 
2.1599 28 
2.1699 27 
2.1799 27 
2.1899 26 
2.1999 26 
2.2099 26 
2.2199 26 
2.2299 26 
2.2399 25 
2.2499 25 
2.2599 25 
2.2699 25 
2.2799 25 
2.2899 25 
2.2999 25 
2.3099 25 
2.3199 25 
2.3299 25 
2.3399 25 
2.3499 25 
2.3599 25 
2.3699 25 
2.3799 25 
2.3899 25 
2.3999 25 
2.4099 25 
2.4199 25 
2.4299 33 
2.4399 33 
2.4499 33 
2.4599 33 
2.4699 33 
2.4799 33 
2.4899 33 
2.4999 33 
2.5099 33 
2.5199 33 
2.5299 33 
2.5399 33 
2.5499 33 
2.5599 33 
2.5699 33 
2.5799 33 
2.5899 33 
2.5999 33 
2.6099 33 
2.6199 33 
2.6299 33 
2.6399 33 
2.6499 31 
2.6599 31 
2.6699 31 
2.6799 31 
2.6899 29 
2.6999 29 
2.7099 29 
2.7199 29 
2.7299 25 
2.7399 22 
2.7499 21 
2.7599 21 
2.7699 21 
2.7799 21 
2.7899 21 
2.7999 22 
2.8099 22 
2.8199 22 
2.8299 22 
2.8399 24 
2.8499 24 
2.8599 24 
2.8699 24 
2.8799 24 
2.8899 24 
2.8999 24 
2.9099 28 
2.9199 28 
2.9299 28 
2.9399 28 
2.9499 28 
2.9599 28 
2.9699 28 
2.9799 28 
2.9899 28 
2.9999 28 
3.0099 28 
3.0199 28 
3.0299 28 
3.0399 29 
3.0499 29 
3.0599 29 
3.0699 28 
3.0799 28 
3.0899 28 
3.0999 28 
3.1099 28 
3.1199 28 
3.1299 31 
3.1399 31 
3.1499 31 
3.1599 31 
3.1699 32 
3.1799 29 
3.1899 29 
3.1999 29 
3.2099 29 
3.2199 29 
3.2299 29 
3.2399 29 
3.2499 29 
3.2599 29 
3.2699 29 
3.2799 29 
3.2899 33 
3.2999 33 
3.3099 33 
3.3199 32 
3.3299 32 
3.3399 32 
3.3499 31 
3.3599 31 
3.3699 31 
3.3799 31 
3.3899 31 
3.3999 31 
3.4099 31 
3.4199 31 
3.4299 31 
3.4399 31 
3.4499 29 
3.4599 27 
3.4699 25 
3.4799 25 
3.4899 25 
3.4999 25 
3.5099 25 
3.5199 25 
3.5299 25 
3.5399 25 
3.5499 25 
3.5599 27 
3.5699 25 
3.5799 25 
3.5899 25 
3.5999 25 
3.6099 25 
3.6199 25 
3.6299 25 
3.6399 25 
3.6499 25 
3.6599 27 
3.6699 27 
3.6799 27 
3.6899 27 
3.6999 27 
3.7099 27 
3.7199 27 
3.7299 28 
3.7399 28 
3.7499 28 
3.7599 28 
3.7699 27 
3.7799 27 
3.7899 27 
3.7999 27 
3.8099 27 
3.8199 27 
3.8299 27 
3.8399 27 
3.8499 27 
3.8599 26 
3.8699 26 
3.8799 26 
3.8899 26 
3.8999 26 
3.9099 25 
3.9199 25 
3.9299 25 
3.9399 25 
3.9499 25 
3.9599 25 
3.9699 25 
3.9799 26 
3.9899 26 
3.9999 26 
4.0099 26 
4.0199 26 
4.0299 26 
4.0399 26 
4.0499 26 
4.0599 26 
4.0699 26 
4.0799 27 
4.0899 27 
4.0999 27 
4.1099 27 
4.1199 26 
4.1299 26 
4.1399 26 
4.1499 25 
4.1599 25 
4.1699 25 
4.1799 25 
4.1899 25 
4.1999 25 
4.2099 25 
4.2199 25 
4.2299 25 
4.2399 25 
4.2499 25 
4.2599 25 
4.2699 25 
4.2799 28 
4.2899 28 
4.2999 28 
4.3099 28 
4.3199 29 
4.3299 29 
4.3399 27 
4.3499 27 
4.3599 26 
4.3699 26 
4.3799 26 
4.3899 26 
4.3999 26 
4.4099 26 
4.4199 26 
4.4299 26 
4.4399 26 
4.4499 26 
4.4599 26 
4.4699 26 
4.4799 26 
4.4899 26 
4.4999 25 
4.5099 25 
4.5199 24 
4.5299 24 
4.5399 23 
4.5499 23 
4.5599 23 
4.5699 23 
4.5799 23 
4.5899 23 
4.5999 23 
4.6099 24 
4.6199 24 
4.6299 24 
4.6399 24 
4.6499 25 
4.6599 25 
4.6699 25 
4.6799 25 
4.6899 25 
4.6999 25 
4.7099 25 
4.7199 25 
4.7299 25 
4.7399 27 
4.7499 25 
4.7599 25 
4.7699 25 
4.7799 25 
4.7899 25 
4.7999 24 
4.8099 24 
4.8199 24 
4.8299 24 
4.8399 24 
4.8499 26 
4.8599 26 
4.8699 26 
4.8799 26 
4.8899 27 
4.8999 27 
4.9099 26 
4.9199 26 
4.9299 26 
4.9399 26 
4.9499 26 
4.9599 26 
4.9699 26 
4.9799 26 
4.9899 26 
4.9999 26 
5.0099 26 
5.0199 26 
5.0299 26 
5.0399 26 
5.0499 26 
5.0599 26 
5.0699 26 
5.0799 26 
5.0899 26 
5.0999 25 
5.1099 25 
5.1199 24 
5.1299 22 
5.1399 22 
5.1499 22 
5.1599 22 
5.1699 22 
5.1799 25 
5.1899 25 
5.1999 25 
5.2099 25 
5.2199 26 
5.2299 26 
5.2399 26 
5.2499 26 
5.2599 26 
5.2699 28 
5.2799 28 
5.2899 28 
5.2999 28 
5.3099 29 
5.3199 29 
5.3299 28 
5.3399 28 
5.3499 28 
5.3599 28 
5.3699 28 
5.3799 28 
5.3899 28 
5.3999 28 
5.4099 28 
5.4199 28 
5.4299 28 
5.4399 28 
5.4499 28 
5.4599 28 
5.4699 28 
5.4799 31 
5.4899 31 
5.4999 31 
5.5099 31 
5.5199 31 
5.5299 31 
5.5399 31 
5.5499 31 
5.5599 31 
5.5699 31 
5.5799 31 
5.5899 31 
5.5999 31 
5.6099 31 
5.6199 31 
5.6299 31 
5.6399 31 
5.6499 31 
5.6599 31 
5.6699 31 
5.6799 31 
5.6899 31 
5.6999 31 
5.7099 30 
5.7199 30 
5.7299 29 
5.7399 29 
5.7499 29 
5.7599 29 
5.7699 29 
5.7799 29 
5.7899 32 
5.7999 32 
5.8099 32 
5.8199 32 
5.8299 32 
5.8399 32 
5.8499 32 
5.8599 32 
5.8699 32 
5.8799 32 
5.8899 32 
5.8999 32 
5.9099 32 
5.9199 32 
5.9299 32 
5.9399 32 
5.9499 32 
5.9599 34 
5.9699 34 
5.9799 34 
5.9899 33 
5.9999 30 
6.0099 30 
6.0199 30 
6.0299 30 
6.0399 30 
6.0499 30 
6.0599 30 
6.0699 34 
6.0799 34 
6.0899 34 
6.0999 34 
6.1099 34 
6.1199 34 
6.1299 34 
6.1399 34 
6.1499 33 
6.1599 30 
6.1699 30 
6.1799 29 
6.1899 29 
6.1999 29 
6.2099 29 
6.2199 29 
6.2299 29 
6.2399 29 
6.2499 31 
6.2599 31 
6.2699 31 
6.2799 30 
6.2899 30 
6.2999 29 
6.3099 29 
6.3199 29 
6.3299 29 
6.3399 29 
6.3499 28 
6.3599 28 
6.3699 27 
6.3799 27 
6.3899 26 
6.3999 26 
6.4099 26 
6.4199 26 
6.4299 26 
6.4399 26 
6.4499 26 
6.4599 26 
6.4699 26 
6.4799 30 
6.4899 30 
6.4999 30 
6.5099 29 
6.5199 29 
6.5299 29 
6.5399 29 
6.5499 29 
6.5599 28 
6.5699 28 
6.5799 27 
6.5899 27 
6.5999 26 
6.6099 26 
6.6199 26 
6.6299 26 
6.6399 27 
6.6499 27 
6.6599 27 
6.6699 27 
6.6799 27 
6.6899 27 
6.6999 27 
6.7099 27 
6.7199 27 
6.7299 27 
6.7399 27 
6.7499 27 
6.7599 27 
6.7699 27 
6.7799 28 
6.7899 28 
6.7999 27 
6.8099 27 
6.8199 27 
6.8299 27 
6.8399 28 
6.8499 28 
6.8599 28 
6.8699 28 
6.8799 28 
6.8899 28 
6.8999 30 
6.9099 30 
6.9199 30 
6.9299 30 
6.9399 31 
6.9499 31 
6.9599 31 
6.9699 31 
6.9799 31 
6.9899 31 
6.9999 31 
7.0099 31 
7.0199 31 
7.0299 31 
7.0399 31 
7.0499 31 
7.0599 31 
7.0699 32 
7.0799 32 
7.0899 32 
7.0999 32 
7.1099 31 
7.1199 31 
7.1299 31 
7.1399 31 
7.1499 31 
7.1599 31 
7.1699 31 
7.1799 31 
7.1899 32 
7.1999 32 
7.2099 32 
7.2199 32 
7.2299 32 
7.2399 32 
7.2499 32 
7.2599 32 
7.2699 32 
7.2799 32 
7.2899 32 
7.2999 32 
7.3099 36 
7.3199 36 
7.3299 36 
7.3399 36 
7.3499 36 
7.3599 36 
7.3699 36 
7.3799 36 
7.3899 36 
7.3999 36 
7.4099 36 
7.4199 36 
7.4299 36 
7.4399 36 
7.4499 36 
7.4599 39 
7.4699 39 
7.4799 39 
7.4899 39 
7.4999 38 
7.5099 38 
7.5199 38 
7.5299 38 
7.5399 38 
7.5499 38 
7.5599 38 
7.5699 37 
7.5799 34 
7.5899 34 
7.5999 34 
7.6099 33 
7.6199 33 
7.6299 33 
7.6399 33 
7.6499 33 
7.6599 33 
7.6699 33 
7.6799 33 
7.6899 33 
7.6999 33 
7.7099 33 
7.7199 36 
7.7299 36 
7.7399 36 
7.7499 36 
7.7599 36 
7.7699 36 
7.7799 36 
7.7899 36 
7.7999 36 
7.8099 36 
7.8199 36 
7.8299 36 
7.8399 36 
7.8499 36 
7.8599 36 
7.8699 36 
7.8799 36 
7.8899 36 
7.8999 38 
7.9099 38 
7.9199 38 
7.9299 38 
7.9399 38 
7.9499 38 
7.9599 38 
7.9699 38 
7.9799 38 
7.9899 38 
7.9999 38 
8.0099 41 
8.0199 41 
8.0299 41 
8.0399 38 
8.0499 38 
8.0599 38 
8.0699 38 
8.0799 38 
8.0899 38 
8.0999 38 
8.1099 38 
8.1199 38 
8.1299 39 
8.1399 39 
8.1499 37 
8.1599 37 
8.1699 37 
8.1799 37 
8.1899 36 
8.1999 36 
8.2099 36 
8.2199 35 
8.2299 35 
8.2399 35 
8.2499 34 
8.2599 34 
8.2699 34 
8.2799 34 
8.2899 34 
8.2999 34 
8.3099 34 
8.3199 34 
8.3299 34 
8.3399 34 
8.3499 37 
8.3599 37 
8.3699 37 
8.3799 37 
8.3899 37 
8.3999 37 
8.4099 37 
8.4199 37 
8.4299 37 
8.4399 37 
8.4499 37 
8.4599 37 
8.4699 37 
8.4799 37 
8.4899 37 
8.4999 37 
8.5099 37 
8.5199 34 
8.5299 34 
8.5399 34 
8.5499 34 
8.5599 34 
8.5699 34 
8.5799 32 
8.5899 29 
8.5999 29 
8.6099 28 
8.6199 26 
8.6299 26 
8.6399 26 
8.6499 26 
8.6599 27 
8.6699 27 
8.6799 27 
8.6899 27 
8.6999 27 
8.7099 27 
8.7199 27 
8.7299 27 
8.7399 27 
8.7499 27 
8.7599 27 
8.7699 27 
8.7799 27 
8.7899 27 
8.7999 31 
8.8099 31 
8.8199 31 
8.8299 31 
8.8399 31 
8.8499 31 
8.8599 32 
8.8699 32 
8.8799 32 
8.8899 32 
8.8999 32 
8.9099 31 
8.9199 31 
8.9299 31 
8.9399 31 
8.9499 31 
8.9599 29 
8.9699 29 
8.9799 28 
8.9899 28 
8.9999 28 
9.0099 28 
9.0199 29 
9.0299 29 
9.0399 29 
9.0499 29 
9.0599 29 
9.0699 29 
9.0799 29 
9.0899 30 
9.0999 30 
9.1099 30 
9.1199 30 
9.1299 30 
9.1399 30 
9.1499 30 
9.1599 31 
9.1699 31 
9.1799 30 
9.1899 30 
9.1999 30 
9.2099 30 
9.2199 31 
9.2299 31 
9.2399 31 
9.2499 31 
9.2599 31 
9.2699 31 
9.2799 31 
9.2899 31 
9.2999 31 
9.3099 31 
9.3199 31 
9.3299 31 
9.3399 31 
9.3499 35 
9.3599 35 
9.3699 35 
9.3799 35 
9.3899 35 
9.3999 35 
9.4099 35 
9.4199 35 
9.4299 35 
9.4399 35 
9.4499 35 
9.4599 35 
9.4699 35 
9.4799 36 
9.4899 36 
9.4999 36 
9.5099 36 
9.5199 36 
9.5299 36 
9.5399 36 
9.5499 36 
9.5599 36 
9.5699 36 
9.5799 36 
9.5899 36 
9.5999 36 
9.6099 36 
9.6199 36 
9.6299 41 
9.6399 41 
9.6499 41 
9.6599 41 
9.6699 40 
9.6799 40 
9.6899 37 
9.6999 37 
9.7099 37 
9.7199 36 
9.7299 36 
9.7399 36 
9.7499 36 
9.7599 36 
9.7699 36 
9.7799 36 
9.7899 36 
9.7999 36 
9.8099 36 
9.8199 36 
9.8299 36 
9.8399 36 
9.8499 36 
9.8599 38 
9.8699 38 
9.8799 38 
9.8899 38 
9.8999 38 
9.9099 38 
9.9199 38 
9.9299 38 
9.9399 38 
9.9499 38 
9.9599 40 
9.9699 40 
9.9799 40 
9.9899 40 
9.9999 40 
