

%%%%%%%%%%%%%%%%%%%%%%%%%%%%%%%%%%%%%%%%%%%%%
LPR  2 3 4 5 6 7 8 9 10  
BER  0.000001 
%%%%%%%%%%%%%%%%%%%%%%%%%%%%%%%%%%%%%%%%%%%%%
8.41  8.34  8.48  8.34  8.32  8.35  8.33  8.25  8.16  

%%%%%%%%%%%%%%%%%%%%%%%%%%%%%%%%%%%%%%%%%%%%%
AFR  2 3 4 5 6 7 8 9 10  
BER  0.000001 
%%%%%%%%%%%%%%%%%%%%%%%%%%%%%%%%%%%%%%%%%%%%%
26.8  25.8  24.3  23.7  22.9  21.6  21.1  20.2  19.4  

%%%%%%%%%%%%%%%%%%%%%%%%%%%%%%%%%%%%%%%%%%%%%
RIPPLE  2 3 4 5 6 7 8 9 10  
BER  0.000001 
%%%%%%%%%%%%%%%%%%%%%%%%%%%%%%%%%%%%%%%%%%%%%
41.0  35.9  32.8  32.2  30.5  29.4  27.9  26.8  26.6  



%%%%%%%%%%%%%%%%%%%%%%%%%%%%%%%%%%%%%%%%%%%%%
RIPPLE  1 2 3 4 5 6 7 8 9 10  
BER  0.000001 
%%%%%%%%%%%%%%%%%%%%%%%%%%%%%%%%%%%%%%%%%%%%%
42.6  4.45  2.93  2.37  1.83  2.18  2.06  1.66  2.16  1.76  


%%%%%%%%%%%%%%%%%%%%%%%%%%%%%%%%%%%%%%%%%%%%%
AFR  1 2 3 4 5 6 7 8 9 10  
BER  0.000001 
%%%%%%%%%%%%%%%%%%%%%%%%%%%%%%%%%%%%%%%%%%%%%
26.0  8.51  4.25  4.33  3.0  2.70  2.87  3.04  3.18  3.16  

%%%%%%%%%%%%%%%%%%%%%%%%%%%%%%%%%%%%%%%%%%%%%
LPR  1 2 3 4 5 6 7 8 9 10  
BER  0.000001 
%%%%%%%%%%%%%%%%%%%%%%%%%%%%%%%%%%%%%%%%%%%%%
7.46  2.74  2.18  1.79  1.8  1.56  1.8  1.85  1.88  2.08  

%%%%%%%%%%%%%%%%%%%%%%%%%%%%%%%%%%%%%%%%%%%%%
RIPPLE  1 2 3 4 5 6 7 8 9 10  
BER  0.000001 
%%%%%%%%%%%%%%%%%%%%%%%%%%%%%%%%%%%%%%%%%%%%%
42.8  37.2  32.7  27.5  18.8  12.4  5.26  2.20  1.63  1.89  

%%%%%%%%%%%%%%%%%%%%%%%%%%%%%%%%%%%%%%%%%%%%%
AFR  1 2 3 4 5 6 7 8 9 10  
BER  0.000001 
%%%%%%%%%%%%%%%%%%%%%%%%%%%%%%%%%%%%%%%%%%%%%
27.1  19.0  18.8  12.8  7.61  3.41  2.98  3.47  3.14  2.93  

%%%%%%%%%%%%%%%%%%%%%%%%%%%%%%%%%%%%%%%%%%%%%
LPR  1 2 3 4 5 6 7 8 9 10  
BER  0.000001 
%%%%%%%%%%%%%%%%%%%%%%%%%%%%%%%%%%%%%%%%%%%%%
7.44  4.01  2.14  2.02  1.78  1.67  1.72  1.93  1.81  2.06  

%%%%%%%%%%%%%%%%%%%%%%%%%%%%%%%%%%%%%%%%%%%%%
RIPPLE  5 6 7 8 9 
BER  0.000001 
%%%%%%%%%%%%%%%%%%%%%%%%%%%%%%%%%%%%%%%%%%%%%
19.8  12.5  5.04  2.35  2.04  

%%%%%%%%%%%%%%%%%%%%%%%%%%%%%%%%%%%%%%%%%%%%%
AFR  5 6 7 8 9 10  
BER  0.000001 
%%%%%%%%%%%%%%%%%%%%%%%%%%%%%%%%%%%%%%%%%%%%%
6.73  3.77  3.14  3.41  3.54  3.39  

%%%%%%%%%%%%%%%%%%%%%%%%%%%%%%%%%%%%%%%%%%%%%
AFR  1 2 3 4 5 6 7 8 9 10  
BER  0.000001 
%%%%%%%%%%%%%%%%%%%%%%%%%%%%%%%%%%%%%%%%%%%%%
23.8  10.3  1.09  0.71  0.78  0.63  0.46  