%%%%%%%%%%%%%%%%%%%%%%%%%%%%%%%%%%%%%%%%%%%%%
LPR  1 2 3 4 5 6 7 8 9 10  
BER  0.000001 
%%%%%%%%%%%%%%%%%%%%%%%%%%%%%%%%%%%%%%%%%%%%%
1.12  2.23  2.98  3.39  4.08  4.31  4.71  4.83  5.00  5.18 

%%%%%%%%%%%%%%%%%%%%%%%%%%%%%%%%%%%%%%%%%%%%%
AFR  1 2 3 4 5 6 7 8 9 10  
BER  0.000001 
%%%%%%%%%%%%%%%%%%%%%%%%%%%%%%%%%%%%%%%%%%%%%
26.5  26.8  27.8  25.6  24.1  23.1  21.7  20.5  19.5  18.3  


%%%%%%%%%%%%%%%%%%%%%%%%%%%%%%%%%%%%%%%%%%%%%
RIPPLE  1 2 3 4 5 6 7 8 9 10  
BER  0.000001 
%%%%%%%%%%%%%%%%%%%%%%%%%%%%%%%%%%%%%%%%%%%%%
42.2  37.9  34.3  31.9  30.2  29.0  27.4  26.6  25.9  25.3  

%%%%%%%%%%%%%%%%%%%%%%%%%%%%%%%%%%%%%%%%%%%%%
LPR  1 2 3 4 5 6 7 8 9 10  
BER  0.000001 
%%%%%%%%%%%%%%%%%%%%%%%%%%%%%%%%%%%%%%%%%%%%%
7.41  7.29  7.22  7.17  7.10  7.00  6.89  6.87  6.83  6.73  

%%%%%%%%%%%%%%%%%%%%%%%%%%%%%%%%%%%%%%%%%%%%%
AFR  1 2 3   
BER  0.000001 
%%%%%%%%%%%%%%%%%%%%%%%%%%%%%%%%%%%%%%%%%%%%%
24.8  28.1  26.8  

%%%%%%%%%%%%%%%%%%%%%%%%%%%%%%%%%%%%%%%%%%%%%
AFR  1 2 3   
BER  0.000001 
%%%%%%%%%%%%%%%%%%%%%%%%%%%%%%%%%%%%%%%%%%%%%
25.3  28.5  26.8  8.46  