0.01 28.8799 
0.02 29.2800 
0.0299 29.1306 
0.0400 22.0599 
0.0500 17.648 
0.0600 14.7066 
0.0700 12.6057 
0.0800 11.0299 
0.0899 9.80444 
0.0999 8.82399 
0.1099 8.02181 
0.1199 7.35333 
0.1299 6.78769 
0.1399 6.30285 
0.1499 5.88266 
0.16 5.51499 
0.1700 5.19058 
0.1800 4.90222 
0.1900 4.64421 
0.2000 4.41199 
0.2100 4.20190 
0.2200 4.01090 
0.2300 3.83652 
0.2400 3.67666 
0.2500 3.52959 
0.2600 3.39384 
0.2700 3.26814 
0.2800 3.15142 
0.2900 3.04275 
0.3000 2.94133 
0.3100 2.84645 
0.3200 2.75749 
0.3300 2.67393 
0.3400 2.59529 
0.3500 2.52114 
0.3600 2.45111 
0.3700 2.38486 
0.3800 2.32210 
0.3900 2.26256 
0.4000 2.20599 
0.4100 2.15219 
0.4200 2.10095 
0.4300 2.05209 
0.4400 2.00545 
0.4500 1.96088 
0.4600 1.91826 
0.4700 1.87744 
0.4800 1.83833 
0.4900 1.80081 
0.5000 1.76479 
0.5100 1.73019 
0.5200 1.69692 
0.5300 1.66490 
0.5400 1.63407 
0.5500 1.60436 
0.5600 1.57571 
0.5700 1.54807 
0.5800 1.52137 
0.5900 1.49559 
0.6000 1.47066 
0.6100 1.44655 
0.6200 1.42322 
0.6300 1.40063 
0.6400 1.37874 
0.6500 1.35753 
0.6600 1.33696 
0.6700 1.31701 
0.6800 1.29764 
0.6900 1.27884 
0.7000 1.26057 
0.7100 1.24281 
0.7200 1.22555 
0.7300 1.20876 
0.7400 1.19243 
0.7500 1.17653 
0.7600 1.16105 
0.7700 1.14597 
0.7800 1.13128 
0.7900 1.11696 
0.8000 1.10299 
0.8100 1.08938 
0.8200 1.07609 
0.8300 1.06313 
0.8400 1.05047 
0.8500 1.03811 
0.8600 1.02604 
0.8700 1.01425 
0.8800 1.00272 
0.8900 0.99146 
0.9000 0.98044 
0.9100 0.96967 
0.9200 0.95913 
0.9300 0.94881 
0.9400 0.93872 
0.9500 0.92884 
0.9600 0.91916 
0.9700 0.90969 
0.9800 0.90040 
0.9900 0.89131 
1.0000 0.88239 
1.0100 0.87366 
1.0200 0.86509 
1.0300 0.85669 
1.0400 0.84846 
1.0500 0.84038 
1.0600 0.83245 
1.0700 0.82467 
1.0800 0.81703 
1.0900 0.80954 
1.1000 0.80218 
1.1100 0.79495 
1.1200 0.78785 
1.1300 0.78088 
1.1400 0.77403 
1.1500 0.76730 
1.1600 0.76068 
1.1700 0.75418 
1.1800 0.74779 
1.1900 0.74151 
1.2000 0.73533 
1.2100 0.72925 
1.2200 0.72327 
1.2300 0.71739 
1.2400 0.71161 
1.2500 0.70591 
1.2600 0.70031 
1.2700 0.69480 
1.2800 0.68937 
1.2900 0.68403 
1.3000 0.67876 
1.3100 0.67358 
1.3200 0.66848 
1.3300 0.66345 
1.3400 0.65850 
1.3500 0.65362 
1.3600 0.64882 
1.3700 0.64408 
1.3800 0.63942 
1.3900 0.63482 
1.4000 0.63028 
1.4100 0.62581 
1.4200 0.62140 
1.4300 0.61706 
1.4400 0.61277 
1.4500 0.60855 
1.4600 0.60438 
1.4700 0.60027 
1.4800 0.59621 
1.4900 0.59221 
1.5000 0.58826 
1.5100 0.58437 
1.5200 0.58052 
1.5300 0.57673 
1.5400 0.57298 
1.5500 0.56929 
1.5600 0.56564 
1.5700 0.56203 
1.5800 0.55848 
1.5900 0.55496 
1.6000 0.55149 
1.6100 0.54807 
1.6200 0.54469 
1.6300 0.54134 
1.6400 0.53804 
1.6500 0.53478 
1.6600 0.53156 
1.6700 0.52838 
1.6800 0.52523 
1.6900 0.52213 
1.7000 0.51905 
1.7100 0.51602 
1.7200 0.51302 
1.7300 0.51005 
1.7400 0.50712 
1.7500 0.50422 
1.7600 0.50136 
1.7700 0.49853 
1.7800 0.49573 
1.7900 0.49296 
1.8000 0.49022 
1.8100 0.48751 
1.8200 0.48483 
1.8300 0.48218 
1.8400 0.47956 
1.8500 0.47697 
1.8600 0.47440 
1.8700 0.47187 
1.8800 0.46936 
1.8900 0.46687 
1.9000 0.46442 
1.9100 0.46198 
1.9200 0.45958 
1.9300 0.45720 
1.9400 0.45484 
1.9500 0.45251 
1.9600 0.45020 
1.9700 0.44791 
1.9800 0.44565 
1.9900 0.44341 
2.0000 0.44119 
2.0100 0.43900 
2.0200 0.43683 
2.0300 0.43467 
2.0400 0.43254 
2.0500 0.43043 
2.0600 0.42834 
2.0699 0.42628 
2.0799 0.42423 
2.0899 0.42220 
2.0999 0.42019 
2.1099 0.41819 
2.1199 0.41622 
2.1299 0.41427 
2.1399 0.41233 
2.1499 0.41041 
2.1599 0.40851 
2.1699 0.40663 
2.1799 0.40477 
2.1899 0.40292 
2.1999 0.40109 
2.2099 0.39927 
2.2199 0.39747 
2.2299 0.39569 
2.2399 0.39392 
2.2499 0.39217 
2.2599 0.39044 
2.2699 0.38872 
2.2799 0.38701 
2.2899 0.38532 
2.2999 0.38365 
2.3099 0.38199 
2.3199 0.38034 
2.3299 0.37871 
2.3399 0.37709 
2.3499 0.37548 
2.3599 0.37389 
2.3699 0.37232 
2.3799 0.37075 
2.3899 0.36920 
2.3999 0.36766 
2.4099 0.36614 
2.4199 0.36462 
2.4299 0.36312 
2.4399 0.36163 
2.4499 0.36016 
2.4599 0.35869 
2.4699 0.35724 
2.4799 0.35580 
2.4899 0.35437 
2.4999 0.35296 
2.5099 0.35155 
2.5199 0.35015 
2.5299 0.34877 
2.5399 0.34740 
2.5499 0.34603 
2.5599 0.34468 
2.5699 0.34334 
2.5799 0.34201 
2.5899 0.34069 
2.5999 0.33938 
2.6099 0.33808 
2.6199 0.33679 
2.6299 0.33551 
2.6399 0.33424 
2.6499 0.33298 
2.6599 0.33172 
2.6699 0.33048 
2.6799 0.32925 
2.6899 0.32802 
2.6999 0.32681 
2.7099 0.32560 
2.7199 0.32441 
2.7299 0.32322 
2.7399 0.32204 
2.7499 0.32087 
2.7599 0.31971 
2.7699 0.31855 
2.7799 0.31741 
2.7899 0.31627 
2.7999 0.31514 
2.8099 0.31402 
2.8199 0.31290 
2.8299 0.31180 
2.8399 0.31070 
2.8499 0.30961 
2.8599 0.30853 
2.8699 0.30745 
2.8799 0.30638 
2.8899 0.30532 
2.8999 0.30427 
2.9099 0.30323 
2.9199 0.30219 
2.9299 0.30116 
2.9399 0.30013 
2.9499 0.29911 
2.9599 0.29810 
2.9699 0.29710 
2.9799 0.29610 
2.9899 0.29511 
2.9999 0.29413 
3.0099 0.29315 
3.0199 0.29218 
3.0299 0.29122 
3.0399 0.29026 
3.0499 0.28931 
3.0599 0.28836 
3.0699 0.28742 
3.0799 0.28649 
3.0899 0.28556 
3.0999 0.28464 
3.1099 0.28372 
3.1199 0.28282 
3.1299 0.28191 
3.1399 0.28101 
3.1499 0.28012 
3.1599 0.27924 
3.1699 0.27835 
3.1799 0.27748 
3.1899 0.27661 
3.1999 0.27575 
3.2099 0.27489 
3.2199 0.27403 
3.2299 0.27318 
3.2399 0.27234 
3.2499 0.27150 
3.2599 0.27067 
3.2699 0.26984 
3.2799 0.26902 
3.2899 0.26820 
3.2999 0.26739 
3.3099 0.26658 
3.3199 0.26578 
3.3299 0.26498 
3.3399 0.26419 
3.3499 0.26340 
3.3599 0.26261 
3.3699 0.26183 
3.3799 0.26106 
3.3899 0.26029 
3.3999 0.25952 
3.4099 0.25876 
3.4199 0.25801 
3.4299 0.25725 
3.4399 0.25651 
3.4499 0.25576 
3.4599 0.25502 
3.4699 0.25429 
3.4799 0.25356 
3.4899 0.25283 
3.4999 0.25211 
3.5099 0.25139 
3.5199 0.25068 
3.5299 0.24997 
3.5399 0.24926 
3.5499 0.24856 
3.5599 0.24786 
3.5699 0.24717 
3.5799 0.24648 
3.5899 0.24579 
3.5999 0.24511 
3.6099 0.24443 
3.6199 0.24375 
3.6299 0.24308 
3.6399 0.24241 
3.6499 0.24175 
3.6599 0.24109 
3.6699 0.24043 
3.6799 0.23978 
3.6899 0.23913 
3.6999 0.23848 
3.7099 0.23784 
3.7199 0.23720 
3.7299 0.23656 
3.7399 0.23593 
3.7499 0.23530 
3.7599 0.23468 
3.7699 0.23405 
3.7799 0.23343 
3.7899 0.23282 
3.7999 0.23221 
3.8099 0.23160 
3.8199 0.23099 
3.8299 0.23039 
3.8399 0.22979 
3.8499 0.22919 
3.8599 0.22860 
3.8699 0.22801 
3.8799 0.22742 
3.8899 0.22683 
3.8999 0.22625 
3.9099 0.22567 
3.9199 0.22510 
3.9299 0.22452 
3.9399 0.22395 
3.9499 0.22339 
3.9599 0.22282 
3.9699 0.22226 
3.9799 0.22170 
3.9899 0.22115 
3.9999 0.22060 
4.0099 0.22004 
4.0199 0.21950 
4.0299 0.21895 
4.0399 0.21841 
4.0499 0.21787 
4.0599 0.21733 
4.0699 0.21680 
4.0799 0.21627 
4.0899 0.21574 
4.0999 0.21521 
4.1099 0.21469 
4.1199 0.21417 
4.1299 0.21365 
4.1399 0.21314 
4.1499 0.21262 
4.1599 0.21211 
4.1699 0.21160 
4.1799 0.21110 
4.1899 0.21059 
4.1999 0.21009 
4.2099 0.20959 
4.2199 0.20909 
4.2299 0.20860 
4.2399 0.20811 
4.2499 0.20762 
4.2599 0.20713 
4.2699 0.20665 
4.2799 0.20616 
4.2899 0.20568 
4.2999 0.20520 
4.3099 0.20473 
4.3199 0.20425 
4.3299 0.20378 
4.3399 0.20331 
4.3499 0.20285 
4.3599 0.20238 
4.3699 0.20192 
4.3799 0.20146 
4.3899 0.20100 
4.3999 0.20054 
4.4099 0.20009 
4.4199 0.19963 
4.4299 0.19918 
4.4399 0.19873 
4.4499 0.19829 
4.4599 0.19784 
4.4699 0.19740 
4.4799 0.19696 
4.4899 0.19652 
4.4999 0.19608 
4.5099 0.19565 
4.5199 0.19522 
4.5299 0.19479 
4.5399 0.19436 
4.5499 0.19393 
4.5599 0.19350 
4.5699 0.19308 
4.5799 0.19266 
4.5899 0.19224 
4.5999 0.19182 
4.6099 0.19140 
4.6199 0.19099 
4.6299 0.19058 
4.6399 0.19017 
4.6499 0.18976 
4.6599 0.18935 
4.6699 0.18895 
4.6799 0.18854 
4.6899 0.18814 
4.6999 0.18774 
4.7099 0.18734 
4.7199 0.18694 
4.7299 0.18655 
4.7399 0.18616 
4.7499 0.18576 
4.7599 0.18537 
4.7699 0.18498 
4.7799 0.18460 
4.7899 0.18421 
4.7999 0.18383 
4.8099 0.18345 
4.8199 0.18307 
4.8299 0.18269 
4.8399 0.18231 
4.8499 0.18193 
4.8599 0.18156 
4.8699 0.18119 
4.8799 0.18081 
4.8899 0.18044 
4.8999 0.18008 
4.9099 0.17971 
4.9199 0.17934 
4.9299 0.17898 
4.9399 0.17862 
4.9499 0.17826 
4.9599 0.17790 
4.9699 0.17754 
4.9799 0.17718 
4.9899 0.17683 
4.9999 0.17648 
0.01 11.92 
0.02 28.0079 
0.0299 27.7173 
0.0400 29.2680 
0.0500 27.3152 
0.0600 30.1119 
0.0700 30.1714 
0.0800 28.52 
0.0899 29.0257 
0.0999 29.4304 
0.1099 30.4552 
0.1199 30.5320 
0.1299 29.2923 
0.1399 29.6228 
0.1499 29.9093 
0.16 30.7959 
0.1700 30.9797 
0.1800 30.7662 
0.1900 30.2627 
0.2000 30.2759 
0.2100 29.8841 
0.2200 29.7592 
0.2300 30.1245 
0.2400 30.2826 
0.2500 30.2246 
0.2600 30.2036 
0.2700 30.2471 
0.2800 29.3788 
0.2900 29.5646 
0.3000 29.3423 
0.3100 29.3806 
0.3200 29.3369 
0.3300 29.4501 
0.3400 29.8809 
0.3500 29.8994 
0.3600 29.9404 
0.3700 30.0479 
0.3800 30.4176 
0.3900 30.0726 
0.4000 30.0839 
0.4100 30.0948 
0.4200 29.9032 
0.4300 29.9374 
0.4400 29.5654 
0.4500 29.5491 
0.4600 29.7547 
0.4700 29.9336 
0.4800 29.9106 
0.4900 29.8367 
0.5000 29.7827 
0.5100 29.5312 
0.5200 29.4036 
0.5300 29.3929 
0.5400 29.3825 
0.5500 29.5729 
0.5600 29.3174 
0.5700 29.1155 
0.5800 29.3445 
0.5900 29.0915 
0.6000 28.6066 
0.6100 28.1377 
0.6200 27.6838 
0.6300 27.2444 
0.6400 26.8187 
0.6500 26.4061 
0.6600 26.0060 
0.6700 25.6179 
0.6800 25.2411 
0.6900 24.8753 
0.7000 24.5199 
0.7100 24.1746 
0.7200 23.8388 
0.7300 23.5123 
0.7400 23.1945 
0.7500 22.8853 
0.7600 22.5842 
0.7700 22.2909 
0.7800 22.0051 
0.7900 21.7373 
0.8000 21.7941 
0.8100 21.8078 
0.8200 21.9141 
0.8300 21.9464 
0.8400 21.8466 
0.8500 21.9288 
0.8600 22.0386 
0.8700 22.0875 
0.8800 21.9810 
0.8900 22.0961 
0.9000 22.3594 
0.9100 22.4212 
0.9200 22.4909 
0.9300 22.4679 
0.9400 22.4815 
0.9500 22.3877 
0.9600 22.3753 
0.9700 22.4593 
0.9800 22.5590 
0.9900 22.6566 
1.0000 22.6759 
1.0100 22.7285 
1.0200 22.7883 
1.0300 22.6988 
1.0400 22.6926 
1.0500 22.6137 
1.0600 22.6324 
1.0700 22.6903 
1.0800 22.8179 
1.0900 22.8497 
1.1000 22.9735 
1.1100 23.1179 
1.1200 23.2522 
1.1300 23.3016 
1.1400 23.3576 
1.1500 23.4494 
1.1600 23.3642 
1.1700 23.3457 
1.1800 23.5072 
1.1900 23.5163 
1.2000 23.6666 
1.2100 23.7163 
1.2200 23.7304 
1.2300 23.7168 
1.2400 23.6623 
1.2500 23.7308 
1.2600 23.8049 
1.2700 23.9313 
1.2800 23.9166 
1.2900 23.9810 
1.3000 23.9596 
1.3100 24.0745 
1.3200 23.9370 
1.3300 23.9420 
1.3400 23.9974 
1.3500 24.0835 
1.3600 24.2057 
1.3700 24.1404 
1.3800 24.1867 
1.3900 24.1835 
1.4000 24.2652 
1.4100 24.2856 
1.4200 24.4131 
1.4300 24.4559 
1.4400 24.3567 
1.4500 24.3700 
1.4600 24.4122 
1.4700 24.4942 
1.4800 24.5178 
1.4900 24.5069 
1.5000 24.5301 
1.5100 24.6035 
1.5200 24.7150 
1.5300 24.6976 
1.5400 24.6694 
1.5500 24.7837 
1.5600 24.7445 
1.5700 24.7489 
1.5800 24.7801 
1.5900 24.8696 
1.6000 24.8943 
1.6100 24.8714 
1.6200 24.8540 
1.6300 24.7743 
1.6400 24.8146 
1.6500 24.7875 
1.6600 24.9243 
1.6700 24.9426 
1.6800 24.9859 
1.6900 24.9184 
1.7000 24.7918 
1.7100 24.6468 
1.7200 24.5035 
1.7300 24.3618 
1.7400 24.2218 
1.7500 24.0834 
1.7600 23.9466 
1.7700 23.8113 
1.7800 23.6775 
1.7900 23.5452 
1.8000 23.4144 
1.8100 23.2851 
1.8200 23.1571 
1.8300 23.0306 
1.8400 22.9054 
1.8500 22.7816 
1.8600 22.6591 
1.8700 22.5380 
1.8800 22.4181 
1.8900 22.2995 
1.9000 22.2446 
1.9100 22.2258 
1.9200 22.1586 
1.9300 22.2020 
1.9400 22.2362 
1.9500 22.3048 
1.9600 22.3294 
1.9700 22.3581 
1.9800 22.3180 
1.9900 22.2868 
0.01 25.488 
0.02 29.7040 
0.0299 28.8479 
0.0400 25.8759 
0.0500 27.4847 
0.0600 25.3066 
0.0700 22.7817 
0.0800 22.0540 
0.0899 23.8435 
0.0999 23.5792 
0.1099 24.9047 
0.1199 25.5853 
0.1299 25.5741 
0.1399 24.8982 
0.1499 25.7824 
0.16 26.1319 
0.1700 26.0414 
0.1800 26.9031 
0.1900 26.4244 
0.2000 26.6295 
0.2100 26.8152 
0.2200 26.8683 
0.2300 27.1380 
0.2400 26.9259 
0.2500 26.8665 
0.2600 27.0726 
0.2700 26.5096 
0.2800 25.8959 
0.2900 25.5586 
0.3000 25.1306 
0.3100 25.2227 
0.3200 25.5474 
0.3300 25.8526 
0.3400 25.8903 
0.3500 26.0228 
0.3600 26.0066 
0.3700 25.7392 
0.3800 25.6644 
0.3900 25.6586 
0.4000 25.8439 
0.4100 25.8134 
0.4200 26.2285 
0.4300 25.9933 
0.4400 26.4047 
0.4500 26.4963 
0.4600 25.9203 
0.4700 25.3688 
0.4800 24.8403 
0.4900 24.3333 
0.5000 23.8467 
0.5100 23.3791 
0.5200 22.9295 
0.5300 22.4969 
0.5400 22.0802 
0.5500 21.6788 
0.5600 21.2917 
0.5700 20.9181 
0.5800 20.5575 
0.5900 20.2090 
0.6000 19.8722 
0.6100 19.5464 
0.6200 19.2312 
0.6300 18.9259 
0.6400 18.6302 
0.6500 18.3436 
0.6600 18.4126 
0.6700 18.5934 
0.6800 18.6816 
0.6900 18.8164 
0.7000 18.9958 
0.7100 19.2180 
0.7200 19.4575 
0.7300 19.2723 
0.7400 19.3212 
0.7500 19.3463 
0.7600 19.3484 
0.7700 19.3614 
0.7800 19.4611 
0.7900 19.6334 
0.8000 19.8861 
0.8100 19.8919 
0.8200 19.9182 
0.8300 20.0460 
0.8400 20.2617 
0.8500 20.5121 
0.8600 20.6286 
0.8700 20.8788 
0.8800 21.0078 
0.8900 21.0766 
0.9000 21.0309 
0.9100 20.9582 
0.9200 20.9332 
0.9300 20.9634 
0.9400 21.0651 
0.9500 21.1112 
0.9600 21.1828 
0.9700 21.1392 
0.9800 21.2264 
0.9900 21.3717 
1.0000 21.4209 
1.0100 21.5027 
1.0200 21.6161 
1.0300 21.7356 
1.0400 21.9832 
1.0500 22.0646 
1.0600 22.0164 
1.0700 22.1277 
1.0800 22.2054 
1.0900 22.2662 
1.1000 22.3413 
1.1100 22.2623 
1.1200 22.2982 
1.1300 22.3786 
1.1400 22.4054 
1.1500 22.2843 
1.1600 22.3993 
1.1700 22.5122 
1.1800 22.5514 
1.1900 22.4973 
1.2000 22.4723 
1.2100 22.6370 
1.2200 22.7087 
1.2300 22.6413 
1.2400 22.6638 
1.2500 22.7199 
1.2600 22.6810 
1.2700 22.7828 
1.2800 22.8764 
1.2900 22.9884 
1.3000 23.0659 
1.3100 22.9675 
1.3200 22.9863 
1.3300 23.0557 
1.3400 23.0545 
1.3500 22.9591 
1.3600 22.9711 
1.3700 22.9768 
1.3800 22.9639 
1.3900 23.0671 
1.4000 22.9629 
1.4100 22.9504 
1.4200 22.8903 
1.4300 22.9319 
1.4400 22.9493 
1.4500 22.9489 
1.4600 22.8905 
1.4700 22.8674 
1.4800 22.8390 
1.4900 22.8849 
1.5000 22.8454 
1.5100 22.8907 
1.5200 22.9632 
1.5300 23.0625 
1.5400 23.1000 
1.5500 23.2409 
1.5600 23.2007 
1.5700 23.1771 
1.5800 23.2183 
1.5900 23.1629 
1.6000 23.1612 
1.6100 23.1175 
1.6200 23.1004 
1.6300 23.1772 
1.6400 23.2530 
1.6500 23.2766 
1.6600 23.3458 
1.6700 23.4193 
1.6800 23.4363 
1.6900 23.5335 
1.7000 23.5846 
1.7100 23.6252 
1.7200 23.6456 
1.7300 23.6413 
1.7400 23.7296 
1.7500 23.8024 
1.7600 23.8261 
1.7700 23.7490 
1.7800 23.6966 
1.7900 23.6589 
1.8000 23.6783 
1.8100 23.7161 
1.8200 23.6883 
1.8300 23.7164 
1.8400 23.7488 
1.8500 23.8130 
1.8600 23.9083 
1.8700 23.8802 
1.8800 23.8479 
1.8900 23.8743 
1.9000 23.9049 
1.9100 23.9529 
1.9200 23.9650 
1.9300 23.9112 
1.9400 23.9759 
1.9500 23.9964 
1.9600 24.0557 
1.9700 24.0111 
1.9800 24.0997 
1.9900 24.1448 
0.01 42.448 
0.02 44.9680 
0.0299 49.2000 
0.0400 52.1640 
0.0500 51.2288 
0.0600 52.8666 
0.0700 54.0365 
0.0800 54.9139 
0.0899 55.2195 
0.0999 54.7008 
0.1099 54.3534 
0.1199 55.4066 
0.1299 55.7107 
0.1399 55.1234 
0.1499 55.4058 
0.16 54.9109 
0.1700 55.2724 
0.1800 54.8399 
0.1900 55.1671 
0.2000 54.9103 
0.2100 55.2030 
0.2200 55.4690 
0.2300 55.7119 
0.2400 55.6166 
0.2500 55.5967 
0.2600 55.6763 
0.2700 55.7499 
0.2800 55.6971 
0.2900 55.9404 
0.3000 55.6586 
0.3100 55.3950 
0.3200 54.9094 
0.3300 54.7873 
0.3400 55.1214 
0.3500 54.9759 
0.3600 55.0506 
0.3700 54.7545 
0.3800 54.5633 
0.3900 54.6646 
0.4000 54.3791 
0.4100 54.1697 
0.4200 54.0308 
0.4300 53.5828 
0.4400 53.4443 
0.4500 53.7077 
0.4600 53.6646 
0.4700 53.1002 
0.4800 53.1423 
0.4900 53.2173 
0.5000 53.0518 
0.5100 53.2420 
0.5200 53.0498 
0.5300 53.0569 
0.5400 53.0165 
0.5500 53.0702 
0.5600 52.6828 
0.5700 52.8297 
0.5800 52.7376 
0.5900 52.8211 
0.6000 52.7322 
0.6100 52.8131 
0.6200 53.0007 
0.6300 53.0747 
0.6400 52.9874 
0.6500 53.1116 
0.6600 53.0778 
0.6700 52.9943 
0.6800 53.3124 
0.6900 53.2034 
0.7000 53.3156 
0.7100 53.2335 
0.7200 53.0006 
0.7300 52.8554 
0.7400 52.7141 
0.7500 52.5201 
0.7600 52.6547 
0.7700 52.5105 
0.7800 52.5005 
0.7900 52.5873 
0.8000 52.7143 
0.8100 52.7755 
0.8200 52.6282 
0.8300 52.6889 
0.8400 52.7380 
0.8500 52.7960 
0.8600 53.0104 
0.8700 52.9469 
0.8800 52.8752 
0.8900 52.7766 
0.9000 52.7367 
0.9100 52.6138 
0.9200 52.6133 
0.9300 52.6312 
0.9400 52.6847 
0.9500 52.6300 
0.9600 52.6824 
0.9700 52.5240 
0.9800 52.7149 
0.9900 52.7991 
1.0000 52.7460 
1.0100 52.7947 
1.0200 52.8757 
1.0300 52.8563 
1.0400 52.9189 
1.0500 52.8833 
1.0600 52.8644 
1.0700 52.8142 
1.0800 52.8905 
1.0900 52.7787 
1.1000 52.8231 
1.1100 52.8514 
1.1200 52.6975 
1.1300 52.6739 
1.1400 52.7549 
1.1500 52.7091 
1.1600 52.7811 
1.1700 52.6416 
1.1800 52.6985 
1.1900 52.6761 
1.2000 52.5975 
1.2100 52.5904 
1.2200 52.6459 
1.2300 52.6522 
1.2400 52.6037 
1.2500 52.5967 
1.2600 52.5225 
1.2700 52.5363 
1.2800 52.6823 
1.2900 52.6289 
1.3000 52.7720 
1.3100 52.6281 
1.3200 52.6598 
1.3300 52.6337 
1.3400 52.6839 
1.3500 52.7459 
1.3600 52.7259 
1.3700 52.8115 
1.3800 52.7484 
1.3900 52.7105 
1.4000 52.7459 
1.4100 52.6906 
1.4200 52.7017 
1.4300 52.7067 
1.4400 52.6941 
1.4500 52.7108 
1.4600 52.7273 
1.4700 52.7609 
1.4800 52.7081 
1.4900 52.7527 
1.5000 52.7854 
1.5100 52.7728 
1.5200 52.8496 
1.5300 52.8700 
1.5400 52.9232 
1.5500 52.9538 
1.5600 52.9513 
1.5700 52.9814 
1.5800 53.0110 
1.5900 52.9976 
1.6000 53.0479 
1.6100 53.0819 
1.6200 53.0264 
1.6300 53.0133 
1.6400 53.0623 
1.6500 53.0902 
1.6600 53.1177 
1.6700 53.0840 
1.6800 53.1517 
1.6900 53.0981 
1.7000 53.1249 
1.7100 53.2308 
1.7200 53.1580 
1.7300 53.2233 
1.7400 53.2488 
1.7500 53.2934 
1.7600 53.2845 
1.7700 53.3332 
1.7800 53.3766 
1.7900 53.3816 
1.8000 53.4431 
1.8100 53.4664 
1.8200 53.4335 
1.8300 53.5030 
1.8400 53.4795 
1.8500 53.4334 
1.8600 53.4424 
1.8700 53.4197 
1.8800 53.4603 
1.8900 53.5319 
1.9000 53.5224 
1.9100 53.4153 
1.9200 53.4109 
1.9300 53.4637 
1.9400 53.4723 
1.9500 53.5025 
1.9600 53.4891 
1.9700 53.4586 
1.9800 53.4799 
1.9900 53.5179 
0.01 25.488 
0.02 41.5760 
0.0299 48.6346 
0.0400 48.3479 
0.0500 51.5679 
0.0600 52.5839 
0.0700 51.4925 
0.0800 51.7340 
0.0899 50.0373 
0.0999 49.6128 
0.1099 51.1156 
0.1199 49.1173 
0.1299 48.0787 
0.1399 48.3394 
0.1499 48.0 
0.16 48.0739 
0.1700 48.7378 
0.1800 48.9039 
0.1900 48.9187 
0.2000 48.6775 
0.2100 49.1862 
0.2200 49.5330 
0.2300 49.2966 
0.2400 49.3273 
0.2500 49.7964 
0.2600 49.1858 
0.2700 48.9031 
0.2800 48.8828 
0.2900 49.3026 
0.3000 49.5813 
0.3100 49.5138 
0.3200 48.0724 
0.3300 46.6157 
0.3400 45.2447 
0.3500 43.9519 
0.3600 42.7311 
0.3700 41.5762 
0.3800 40.4821 
0.3900 39.4441 
0.4000 38.4579 
0.4100 37.5199 
0.4200 36.6266 
0.4300 35.7748 
0.4400 34.9618 
0.4500 34.1848 
0.4600 33.4417 
0.4700 32.7302 
0.4800 32.0483 
0.4900 31.3942 
0.5000 30.7663 
0.5100 30.1631 
0.5200 30.1049 
0.5300 30.3209 
0.5400 30.6074 
0.5500 30.8218 
0.5600 30.8771 
0.5700 31.0495 
0.5800 31.4645 
0.5900 31.8942 
0.6000 32.0410 
0.6100 32.3499 
0.6200 32.4162 
0.6300 32.4401 
0.6400 32.6619 
0.6500 32.9031 
0.6600 33.3168 
0.6700 33.6042 
0.6800 33.8209 
0.6900 34.2156 
0.7000 34.5506 
0.7100 34.8403 
0.7200 34.8039 
0.7300 35.2100 
0.7400 35.3530 
0.7500 35.4583 
0.7600 35.7058 
0.7700 36.0791 
0.7800 36.3993 
0.7900 36.7436 
0.8000 36.9203 
0.8100 37.0613 
0.8200 37.4780 
0.8300 37.5986 
0.8400 37.8375 
0.8500 38.0707 
0.8600 38.1408 
0.8700 38.2092 
0.8800 38.4689 
0.8900 38.5321 
0.9000 38.6693 
0.9100 38.9153 
0.9200 39.1191 
0.9300 39.2911 
0.9400 39.5227 
0.9500 39.4637 
0.9600 39.5826 
0.9700 39.6816 
0.9800 39.9084 
0.9900 39.9849 
1.0000 40.1956 
1.0100 40.2342 
1.0200 40.3054 
1.0300 40.4739 
1.0400 40.6392 
1.0500 40.6802 
1.0600 40.8084 
1.0700 40.8708 
1.0800 40.9635 
1.0900 41.1167 
1.1000 40.9511 
1.1100 41.1016 
1.1200 41.2192 
1.1300 41.3723 
1.1400 41.4259 
1.1500 41.6261 
1.1600 41.5816 
1.1700 41.6611 
1.1800 41.8757 
1.1900 41.9229 
1.2000 42.0823 
1.2100 42.2111 
1.2200 42.2822 
1.2300 42.2349 
1.2400 42.2225 
1.2500 42.2850 
1.2600 42.3398 
1.2700 42.4805 
1.2800 42.5063 
1.2900 42.5712 
1.3000 42.6939 
1.3100 42.8146 
1.3200 42.9271 
1.3300 42.9869 
1.3400 43.1724 
1.3500 43.2986 
1.3600 43.3855 
1.3700 43.5887 
1.3800 43.6170 
1.3900 43.7058 
1.4000 43.8298 
1.4100 43.8317 
1.4200 43.9171 
1.4300 43.9836 
1.4400 43.9667 
1.4500 43.6635 
1.4600 43.3644 
1.4700 43.0694 
1.4800 42.7784 
1.4900 42.4913 
1.5000 42.2081 
1.5100 41.9285 
1.5200 41.6527 
1.5300 41.3804 
1.5400 41.1117 
1.5500 40.8465 
1.5600 40.5847 
1.5700 40.3262 
1.5800 40.0709 
1.5900 39.8189 
1.6000 39.5700 
1.6100 39.3243 
1.6200 39.0815 
1.6300 38.8418 
1.6400 38.6411 
1.6500 38.6845 
1.6600 38.8141 
1.6700 38.8813 
1.6800 38.8921 
1.6900 38.8477 
1.7000 38.8985 
1.7100 38.8495 
1.7200 38.8800 
1.7300 39.0180 
1.7400 39.1252 
1.7500 39.2311 
1.7600 39.3359 
1.7700 39.3963 
1.7800 39.4227 
1.7900 39.4725 
1.8000 39.4181 
1.8100 39.5470 
1.8200 39.5767 
1.8300 39.5828 
1.8400 39.6258 
1.8500 39.6545 
1.8600 39.7422 
1.8700 39.7564 
1.8800 39.7209 
1.8900 39.8383 
1.9000 39.8517 
1.9100 39.8207 
1.9200 39.8562 
1.9300 39.9265 
1.9400 39.9611 
1.9500 40.0084 
1.9600 39.9600 
1.9700 40.0499 
1.9800 40.1474 
1.9900 40.0991 
0.01 25.488 
0.02 42.8479 
0.0299 48.9173 
0.0400 49.1959 
0.0500 48.1759 
0.0600 48.6266 
0.0700 46.8891 
0.0800 47.494 
0.0899 48.3413 
0.0999 46.4752 
0.1099 47.8007 
0.1199 47.4920 
0.1299 47.8178 
0.1399 47.7942 
0.1499 47.7738 
0.16 48.6039 
0.1700 47.6903 
0.1800 48.3386 
0.1900 48.4277 
0.2000 48.2959 
0.2100 48.8228 
0.2200 48.1454 
0.2300 48.4118 
0.2400 48.3733 
0.2500 48.2361 
0.2600 48.2399 
0.2700 48.1807 
0.2800 48.3074 
0.2900 48.0452 
0.3000 47.8853 
0.3100 47.3527 
0.3200 47.2774 
0.3300 47.4123 
0.3400 47.0903 
0.3500 46.8109 
0.3600 46.9239 
0.3700 47.1225 
0.3800 47.0875 
0.3900 46.4237 
0.4000 46.2171 
0.4100 46.0206 
0.4200 46.5805 
0.4300 46.5030 
0.4400 46.8338 
0.4500 46.7729 
0.4600 46.7885 
0.4700 47.0920 
0.4800 47.1709 
0.4900 47.1082 
0.5000 46.5052 
0.5100 46.5079 
0.5200 46.3799 
0.5300 46.4329 
0.5400 46.5937 
0.5500 46.5175 
0.5600 46.5045 
0.5700 46.9383 
0.5800 46.9478 
0.5900 46.8420 
0.6000 46.5135 
0.6100 46.2654 
0.6200 46.0799 
0.6300 45.9273 
0.6400 46.0709 
0.6500 46.1971 
0.6600 45.9212 
0.6700 45.9445 
0.6800 45.7178 
0.6900 45.7189 
0.7000 45.9017 
0.7100 45.9001 
0.7200 45.4982 
0.7300 45.4790 
0.7400 45.4030 
0.7500 45.0803 
0.7600 45.1566 
0.7700 45.2089 
0.7800 45.1511 
0.7900 45.1485 
0.8000 45.1671 
0.8100 45.3319 
0.8200 45.0479 
0.8300 45.1284 
0.8400 45.2171 
0.8500 45.2139 
0.8600 45.3981 
0.8700 45.4026 
0.8800 45.3107 
0.8900 45.4685 
0.9000 45.3025 
0.9100 45.2613 
0.9200 45.2671 
0.9300 45.1451 
0.9400 45.2782 
0.9500 45.3104 
0.9600 45.2889 
0.9700 45.3116 
0.9800 45.4377 
0.9900 45.5612 
1.0000 45.5126 
1.0100 45.6329 
1.0200 45.7259 
1.0300 45.8500 
1.0400 45.6701 
1.0500 45.5501 
1.0600 45.5764 
1.0700 45.6894 
1.0800 45.6746 
1.0900 45.6913 
1.1000 45.8001 
1.1100 45.8459 
1.1200 45.9665 
1.1300 46.0100 
1.1400 45.8965 
1.1500 45.6965 
1.1600 45.6462 
1.1700 45.5749 
1.1800 45.6558 
1.1900 45.6285 
1.2000 45.6157 
1.2100 45.6732 
1.2200 45.6325 
1.2300 45.6476 
1.2400 45.6624 
1.2500 45.6499 
1.2600 45.6106 
1.2700 45.7055 
1.2800 45.6731 
1.2900 45.6346 
1.3000 45.5901 
1.3100 45.4816 
1.3200 45.2912 
1.3300 45.3205 
1.3400 45.3303 
1.3500 45.4217 
1.3600 45.5117 
1.3700 45.6004 
1.3800 45.6141 
1.3900 45.5544 
1.4000 45.6651 
1.4100 45.5698 
1.4200 45.6788 
1.4300 45.6796 
1.4400 45.6922 
1.4500 45.7046 
1.4600 45.6935 
1.4700 45.6827 
1.4800 45.7178 
1.4900 45.7069 
1.5000 45.6114 
1.5100 45.7361 
1.5200 45.6918 
1.5300 45.6814 
1.5400 45.7372 
1.5500 45.7266 
1.5600 45.7270 
1.5700 45.5654 
1.5800 45.5024 
1.5900 45.5629 
1.6000 45.6385 
1.6100 45.5816 
1.6200 45.6666 
1.6300 45.6570 
1.6400 45.4975 
1.6500 45.5353 
1.6600 45.6032 
1.6700 45.4571 
1.6800 45.4036 
1.6900 45.4360 
1.7000 45.4879 
1.7100 45.5344 
1.7200 45.6197 
1.7300 45.6354 
1.7400 45.5680 
1.7500 45.5596 
1.7600 45.4742 
1.7700 45.2173 
1.7800 44.9633 
1.7900 44.7121 
1.8000 44.4637 
1.8100 44.2180 
1.8200 43.9751 
1.8300 43.7348 
1.8400 43.4971 
1.8500 43.2620 
1.8600 43.0294 
1.8700 42.7993 
1.8800 42.5716 
1.8900 42.3464 
1.9000 42.1235 
1.9100 41.9029 
1.9200 41.6847 
1.9300 41.4687 
1.9400 41.2550 
1.9500 41.0434 
1.9600 40.8859 
1.9700 40.8979 
1.9800 40.9055 
1.9900 40.9727 
0.01 30.5759 
0.02 30.552 
0.0299 39.5893 
0.0400 35.2040 
0.0500 38.6783 
0.0600 41.4186 
0.0700 42.4068 
0.0800 40.2860 
0.0899 40.2382 
0.0999 39.0127 
0.1099 38.8581 
0.1199 39.9306 
0.1299 39.5987 
0.1399 40.0411 
0.1499 38.9546 
0.16 38.9579 
0.1700 37.6639 
0.1800 37.9271 
0.1900 37.3591 
0.2000 37.2719 
0.2100 37.5161 
0.2200 37.6610 
0.2300 37.9039 
0.2400 37.0313 
0.2500 37.3139 
0.2600 37.0529 
0.2700 37.5650 
0.2800 37.1622 
0.2900 36.7873 
0.3000 36.2111 
0.3100 35.8910 
0.3200 36.2534 
0.3300 35.9001 
0.3400 35.5176 
0.3500 35.7142 
0.3600 35.7822 
0.3700 36.7403 
0.3800 36.1305 
0.3900 36.0086 
0.4000 35.6807 
0.4100 34.8105 
0.4200 33.9817 
0.4300 33.1914 
0.4400 32.4370 
0.4500 31.7162 
0.4600 31.0267 
0.4700 30.3666 
0.4800 29.7339 
0.4900 29.1271 
0.5000 28.5446 
0.5100 27.9849 
0.5200 27.4467 
0.5300 26.9289 
0.5400 26.4302 
0.5500 25.9496 
0.5600 25.4862 
0.5700 25.0391 
0.5800 24.6074 
0.5900 24.1903 
0.6000 23.9709 
0.6100 24.0089 
0.6200 24.0867 
0.6300 24.0274 
0.6400 24.2747 
0.6500 24.6971 
0.6600 24.9910 
0.6700 25.2761 
0.6800 25.5529 
0.6900 25.4038 
0.7000 25.6708 
0.7100 26.0020 
0.7200 26.2415 
0.7300 26.1492 
0.7400 26.4147 
0.7500 26.5373 
0.7600 26.5452 
0.7700 26.6300 
0.7800 26.7234 
0.7900 26.9970 
0.8000 27.0835 
0.8100 26.9586 
0.8200 27.0124 
0.8300 27.1876 
0.8400 27.5302 
0.8500 27.6453 
0.8600 27.5211 
0.8700 27.6921 
0.8800 27.7243 
0.8900 27.7177 
0.9000 27.8526 
0.9100 27.8074 
0.9200 27.8278 
0.9300 28.0027 
0.9400 27.9484 
0.9500 27.9934 
0.9600 27.9668 
0.9700 27.9844 
0.9800 27.8719 
0.9900 27.8559 
1.0000 27.8403 
1.0100 27.7997 
1.0200 27.7766 
1.0300 27.5069 
1.0400 27.2424 
1.0500 26.9830 
1.0600 26.7284 
1.0700 26.4786 
1.0800 26.2334 
1.0900 25.9928 
1.1000 25.7565 
1.1100 25.5244 
1.1200 25.2965 
1.1300 25.0727 
1.1400 24.8527 
1.1500 24.6366 
1.1600 24.4242 
1.1700 24.2155 
1.1800 24.0103 
1.1900 23.8085 
1.2000 23.6101 
1.2100 23.4150 
1.2200 23.2439 
1.2300 23.2411 
1.2400 23.3272 
1.2500 23.3373 
1.2600 23.3540 
1.2700 23.4639 
1.2800 23.7046 
1.2900 23.6391 
1.3000 23.8291 
1.3100 24.0486 
1.3200 24.2069 
1.3300 24.2480 
1.3400 24.4531 
1.3500 24.4730 
1.3600 24.4925 
1.3700 24.5180 
1.3800 24.4878 
1.3900 24.5557 
1.4000 24.6226 
1.4100 24.6103 
1.4200 24.7177 
1.4300 24.9599 
1.4400 24.9868 
1.4500 25.1069 
1.4600 25.1150 
1.4700 25.2730 
1.4800 25.1022 
1.4900 24.9337 
1.5000 24.7675 
1.5100 24.6035 
1.5200 24.4416 
1.5300 24.2819 
1.5400 24.1242 
1.5500 23.9686 
1.5600 23.8149 
1.5700 23.6632 
1.5800 23.5135 
1.5900 23.3656 
1.6000 23.2195 
1.6100 23.0753 
1.6200 22.9329 
1.6300 22.7922 
1.6400 22.6532 
1.6500 22.5159 
1.6600 22.3803 
1.6700 22.2564 
1.6800 22.2956 
1.6900 22.2791 
1.7000 22.2527 
1.7100 22.2615 
1.7200 22.4426 
1.7300 22.6168 
1.7400 22.6477 
1.7500 22.7169 
1.7600 22.7035 
1.7700 22.6998 
1.7800 22.8438 
1.7900 22.9910 
1.8000 23.0281 
1.8100 23.1070 
1.8200 23.0919 
1.8300 23.2577 
1.8400 23.3386 
1.8500 23.3729 
1.8600 23.4433 
1.8700 23.5039 
1.8800 23.4555 
1.8900 23.3314 
1.9000 23.2086 
1.9100 23.0871 
1.9200 22.9669 
1.9300 22.8479 
1.9400 22.7301 
1.9500 22.6135 
1.9600 22.4982 
1.9700 22.3839 
1.9800 22.2709 
1.9900 22.1590 
0.01 0.0 
0.02 0.872 
0.0299 0.58133 
0.0400 0.436 
0.0500 0.3488 
0.0600 0.29066 
0.0700 0.24914 
0.0800 0.218 
0.0899 0.19377 
0.0999 0.17440 
0.1099 0.15854 
0.1199 0.14533 
0.1299 0.13415 
0.1399 0.12457 
0.1499 0.11626 
0.16 0.109 
0.1700 0.10258 
0.1800 0.09688 
0.1900 0.09178 
0.2000 0.08719 
0.2100 0.08304 
0.2200 0.15636 
0.2300 0.48139 
0.2400 0.46133 
0.2500 0.44287 
0.2600 0.42584 
0.2700 0.41007 
0.2800 0.39542 
0.2900 0.38179 
0.3000 0.36906 
0.3100 0.35716 
0.3200 0.34599 
0.3300 0.33551 
0.3400 0.32564 
0.3500 0.31634 
0.3600 0.30755 
0.3700 0.29924 
0.3800 0.29136 
0.3900 0.28389 
0.4000 0.27679 
0.4100 0.27004 
0.4200 0.26361 
0.4300 0.25748 
0.4400 0.48290 
0.4500 0.92444 
0.4600 1.43895 
0.4700 1.80527 
0.4800 2.24466 
0.4900 2.71804 
0.5000 3.00287 
0.5100 3.37631 
0.5200 3.68646 
0.5300 4.16090 
0.5400 4.86903 
0.5500 5.04261 
0.5600 5.24028 
0.5700 5.65417 
0.5800 6.17075 
0.5900 6.52610 
0.6000 7.15226 
0.6100 7.36865 
0.6200 7.63277 
0.6300 7.83466 
0.6400 8.21574 
0.6500 8.59815 
0.6600 9.08460 
0.6700 9.41731 
0.6800 9.72776 
0.6900 10.0537 
0.7000 10.2009 
0.7100 10.4036 
0.7200 10.8951 
0.7300 11.1524 
0.7400 11.1277 
0.7500 11.4995 
0.7600 11.8503 
0.7700 12.0598 
0.7800 12.0683 
0.7900 12.3019 
0.8000 12.5933 
0.8100 12.9509 
0.8200 12.8446 
0.8300 13.1190 
0.8400 13.3565 
0.8500 13.4787 
0.8600 13.4206 
0.8700 13.5295 
0.8800 13.7034 
0.8900 13.8353 
0.9000 14.0490 
0.9100 14.0624 
0.9200 14.2690 
0.9300 14.2432 
0.9400 14.0917 
0.9500 13.9434 
0.9600 13.7981 
0.9700 13.6559 
0.9800 13.5165 
0.9900 13.3800 
1.0000 13.2462 
1.0100 13.1150 
1.0200 12.9865 
1.0300 12.8604 
1.0400 12.7367 
1.0500 12.6154 
1.0600 12.4964 
1.0700 12.3796 
1.0800 12.2650 
1.0900 12.1525 
1.1000 12.0420 
1.1100 11.9335 
1.1200 11.8269 
1.1300 11.7673 
1.1400 11.9170 
1.1500 12.1231 
1.1600 12.3037 
1.1700 12.5392 
1.1800 12.5551 
1.1900 12.6633 
1.2000 12.7345 
1.2100 12.9446 
1.2200 12.9706 
1.2300 13.0857 
1.2400 13.2469 
1.2500 13.4598 
1.2600 13.5885 
1.2700 13.6284 
1.2800 13.7207 
1.2900 13.8707 
1.3000 14.0771 
1.3100 14.1898 
1.3200 14.2878 
1.3300 14.3717 
1.3400 14.5112 
1.3500 14.7053 
1.3600 14.6969 
1.3700 14.6887 
1.3800 14.8219 
1.3900 14.9715 
1.4000 15.0583 
1.4100 15.1320 
1.4200 15.1508 
1.4300 15.1872 
1.4400 15.1701 
1.4500 15.2233 
1.4600 15.2933 
1.4700 15.3508 
1.4800 15.3903 
1.4900 15.4179 
1.5000 15.5356 
1.5100 15.6518 
1.5200 15.8110 
1.5300 15.8961 
1.5400 15.8755 
1.5500 16.0028 
1.5600 16.1231 
1.5700 16.2743 
1.5800 16.2733 
1.5900 16.3843 
1.6000 16.3613 
1.6100 16.4335 
1.6200 16.5310 
1.6300 16.6793 
1.6400 16.7638 
1.6500 16.7649 
1.6600 16.8479 
1.6700 16.8688 
1.6800 17.0309 
1.6900 17.1108 
1.7000 17.1897 
1.7100 17.2280 
1.7200 17.2610 
1.7300 17.3083 
1.7400 17.2770 
1.7500 17.3091 
1.7600 17.3216 
1.7700 17.3148 
1.7800 17.3795 
1.7900 17.4813 
1.8000 17.4549 
1.8100 17.5271 
1.8200 17.6405 
1.8300 17.7109 
1.8400 17.7621 
1.8500 17.7165 
1.8600 17.7398 
1.8700 17.7991 
1.8800 17.8668 
1.8900 17.9742 
1.9000 18.0269 
1.9100 18.0835 
1.9200 18.0114 
1.9300 17.9356 
1.9400 17.8432 
1.9500 17.7517 
1.9600 17.6611 
1.9700 17.5714 
1.9800 17.4827 
1.9900 17.3948 
0.01 1.744 
0.02 2.992 
0.0299 1.99466 
0.0400 1.496 
0.0500 1.19679 
0.0600 0.99733 
0.0700 0.85485 
0.0800 0.748 
0.0899 0.66488 
0.0999 0.59840 
0.1099 0.54400 
0.1199 0.49866 
0.1299 0.46030 
0.1399 0.42742 
0.1499 0.39893 
0.16 0.374 
0.1700 0.35199 
0.1800 0.33244 
0.1900 0.31494 
0.2000 0.29919 
0.2100 0.28495 
0.2200 0.31054 
0.2300 0.55513 
0.2400 0.92066 
0.2500 0.88383 
0.2600 0.84984 
0.2700 0.81837 
0.2800 0.78914 
0.2900 0.76193 
0.3000 0.73653 
0.3100 0.71277 
0.3200 0.69049 
0.3300 0.66957 
0.3400 0.64988 
0.3500 0.63131 
0.3600 0.61377 
0.3700 0.59718 
0.3800 0.58147 
0.3900 0.56656 
0.4000 0.55239 
0.4100 0.53892 
0.4200 0.52609 
0.4300 0.51386 
0.4400 0.52145 
0.4500 0.98097 
0.4600 1.42052 
0.4700 2.22025 
0.4800 2.80999 
0.4900 3.46220 
0.5000 4.03743 
0.5100 4.82290 
0.5200 5.05630 
0.5300 5.79290 
0.5400 6.31377 
0.5500 6.75403 
0.5600 7.23914 
0.5700 7.78161 
0.5800 8.17379 
0.5900 8.33708 
0.6000 8.96133 
0.6100 9.27318 
0.6200 9.56129 
0.6300 9.66526 
0.6400 9.95149 
0.6500 10.2811 
0.6600 10.4979 
0.6700 10.9740 
0.6800 11.0496 
0.6900 11.3319 
0.7000 11.6061 
0.7100 11.8846 
0.7200 12.1317 
0.7300 12.5696 
0.7400 12.6289 
0.7500 12.8789 
0.7600 13.2673 
0.7700 13.4144 
0.7800 13.6012 
0.7900 13.8047 
0.8000 13.7063 
0.8100 14.0292 
0.8200 14.2924 
0.8300 14.5187 
0.8400 14.7194 
0.8500 15.1049 
0.8600 15.2842 
0.8700 15.4594 
0.8800 15.6307 
0.8900 15.6075 
0.9000 15.6791 
0.9100 15.9354 
0.9200 16.1954 
0.9300 16.3404 
0.9400 16.4914 
0.9500 16.6480 
0.9600 16.6159 
0.9700 16.6457 
0.9800 16.8133 
0.9900 16.9090 
1.0000 16.7569 
1.0100 16.5910 
1.0200 16.4283 
1.0300 16.2688 
1.0400 16.1124 
1.0500 15.9590 
1.0600 15.8084 
1.0700 15.6607 
1.0800 15.5157 
1.0900 15.3733 
1.1000 15.2335 
1.1100 15.0963 
1.1200 14.9615 
1.1300 14.8291 
1.1400 14.6990 
1.1500 14.5712 
1.1600 14.4456 
1.1700 14.3221 
1.1800 14.2008 
1.1900 14.0814 
1.2000 14.0418 
1.2100 14.0589 
1.2200 14.2078 
1.2300 14.3612 
1.2400 14.6694 
1.2500 14.6673 
1.2600 14.6586 
1.2700 14.7435 
1.2800 14.9861 
1.2900 15.0803 
1.3000 15.1665 
1.3100 15.2449 
1.3200 15.3799 
1.3300 15.4620 
1.3400 15.6503 
1.3500 15.7480 
1.3600 15.6571 
1.3700 15.8090 
1.3800 15.9095 
1.3900 16.0818 
1.4000 16.0699 
1.4100 16.2266 
1.4200 16.2078 
1.4300 16.2902 
1.4400 16.5186 
1.4500 16.5041 
1.4600 16.4201 
1.4700 16.4065 
1.4800 16.4503 
1.4900 16.5790 
1.5000 16.6437 
1.5100 16.7693 
1.5200 16.8431 
1.5300 16.9215 
1.5400 16.9768 
1.5500 17.0970 
1.5600 17.2484 
1.5700 17.2303 
1.5800 17.3198 
1.5900 17.3123 
1.6000 17.4425 
1.6100 17.4501 
1.6200 17.3999 
1.6300 17.4025 
1.6400 17.4204 
1.6500 17.4845 
1.6600 17.4966 
1.6700 17.5848 
1.6800 17.6770 
1.6900 17.8133 
1.7000 17.9180 
1.7100 17.9124 
1.7200 17.9808 
1.7300 18.0680 
1.7400 18.1932 
1.7500 18.1862 
1.7600 18.1937 
1.7700 18.3113 
1.7800 18.3894 
1.7900 18.3435 
1.8000 18.3783 
1.8100 18.5063 
1.8200 18.5490 
1.8300 18.5311 
1.8400 18.5272 
1.8500 18.5416 
1.8600 18.6061 
1.8700 18.6698 
1.8800 18.7735 
1.8900 18.8222 
1.9000 18.7544 
1.9100 18.7317 
1.9200 18.7887 
1.9300 18.8847 
1.9400 18.8442 
1.9500 18.8519 
1.9600 18.9374 
1.9700 19.0135 
1.9800 19.1230 
1.9900 19.1803 
0.01 0.04800 
0.02 0.024 
0.0299 0.016 
0.0400 0.012 
0.0500 0.00959 
0.0600 0.00800 
0.0700 0.00685 
0.0800 0.00600 
0.0899 0.00533 
0.0999 0.00480 
0.1099 0.00436 
0.1199 0.00400 
0.1299 0.00369 
0.1399 0.00342 
0.1499 0.00320 
0.16 0.00300 
0.1700 0.00282 
0.1800 0.00266 
0.1900 0.00252 
0.2000 0.00239 
0.2100 0.00228 
0.2200 0.19490 
0.2300 0.37078 
0.2400 0.49666 
0.2500 0.47679 
0.2600 0.45846 
0.2700 0.44148 
0.2800 0.42571 
0.2900 0.41103 
0.3000 0.39733 
0.3100 0.38451 
0.3200 0.37249 
0.3300 0.36121 
0.3400 0.35058 
0.3500 0.34057 
0.3600 0.33111 
0.3700 0.32216 
0.3800 0.31368 
0.3900 0.30564 
0.4000 0.29799 
0.4100 0.29073 
0.4200 0.28380 
0.4300 0.27720 
0.4400 0.59854 
0.4500 1.67822 
0.4600 2.47130 
0.4700 3.15846 
0.4800 4.13499 
0.4900 5.14089 
0.5000 5.97087 
0.5100 6.98447 
0.5200 7.63292 
0.5300 8.57690 
0.5400 9.29748 
0.5500 9.60639 
0.5600 10.1011 
0.5700 10.8909 
0.5800 11.6827 
0.5900 12.2608 
0.6000 12.8479 
0.6100 13.3602 
0.6200 13.8696 
0.6300 14.3225 
0.6400 14.9202 
0.6500 15.4212 
0.6600 16.0613 
0.6700 16.6316 
0.6800 17.2350 
0.6900 17.8209 
0.7000 18.2447 
0.7100 18.8477 
0.7200 19.3751 
0.7300 19.5511 
0.7400 20.0317 
0.7500 20.3978 
0.7600 20.7319 
0.7700 21.2887 
0.7800 21.5593 
0.7900 21.7909 
0.8000 21.8577 
0.8100 22.0799 
0.8200 22.4312 
0.8300 22.8046 
0.8400 23.2700 
0.8500 23.3953 
0.8600 23.4684 
0.8700 23.7055 
0.8800 23.9950 
0.8900 24.1923 
0.9000 24.4794 
0.9100 24.6950 
0.9200 24.7953 
0.9300 24.5286 
0.9400 24.2677 
0.9500 24.0122 
0.9600 23.7621 
0.9700 23.5171 
0.9800 23.2772 
0.9900 23.0421 
1.0000 22.8116 
1.0100 22.5858 
1.0200 22.3643 
1.0300 22.1472 
1.0400 21.9343 
1.0500 21.7254 
1.0600 21.5204 
1.0700 21.3193 
1.0800 21.1219 
1.0900 20.9281 
1.1000 20.7378 
1.1100 20.5510 
1.1200 20.3751 
1.1300 20.5025 
1.1400 20.7838 
1.1500 21.0971 
1.1600 21.2954 
1.1700 21.4903 
1.1800 21.7968 
1.1900 21.9415 
1.2000 22.2391 
1.2100 22.3918 
1.2200 22.7156 
1.2300 22.8894 
1.2400 23.1972 
1.2500 23.5001 
1.2600 23.7174 
1.2700 23.8245 
1.2800 24.0424 
1.2900 24.2308 
1.3000 24.2792 
1.3100 24.3593 
1.3200 24.5987 
1.3300 24.6943 
1.3400 24.8961 
1.3500 25.0823 
1.3600 25.2844 
1.3700 25.5208 
1.3800 25.5263 
1.3900 25.6538 
1.4000 25.8582 
1.4100 26.0838 
1.4200 26.2345 
1.4300 26.2646 
1.4400 26.3884 
1.4500 26.3994 
1.4600 26.5613 
1.4700 26.5709 
1.4800 26.6321 
1.4900 26.8859 
1.5000 26.9101 
1.5100 27.0464 
1.5200 27.2702 
1.5300 27.4300 
1.5400 27.5603 
1.5500 27.7764 
1.5600 27.7777 
1.5700 27.9248 
1.5800 28.0862 
1.5900 28.1923 
1.6000 28.2121 
1.6100 28.3740 
1.6200 28.4501 
1.6300 28.5617 
1.6400 28.6564 
1.6500 28.7706 
1.6600 28.9293 
1.6700 28.9693 
1.6800 29.1603 
1.6900 29.2186 
1.7000 29.3111 
1.7100 29.5116 
1.7200 29.5964 
1.7300 29.6655 
1.7400 29.8216 
1.7500 29.9031 
1.7600 29.8392 
1.7700 29.9629 
1.7800 30.0328 
1.7900 30.1018 
1.8000 30.0430 
1.8100 30.0222 
1.8200 30.0902 
1.8300 30.1158 
1.8400 30.2286 
1.8500 30.3678 
1.8600 30.4553 
1.8700 30.5101 
1.8800 30.5237 
1.8900 30.5506 
1.9000 30.5996 
1.9100 30.6126 
1.9200 30.7358 
1.9300 30.8489 
1.9400 30.9172 
1.9500 30.9892 
1.9600 31.1382 
1.9700 31.1351 
1.9800 31.2049 
1.9900 31.2654 
0.01 5.13600 
0.02 6.38399 
0.0299 4.53866 
0.0400 4.67600 
0.0500 3.74080 
0.0600 3.11733 
0.0700 2.67199 
0.0800 2.33800 
0.0899 2.07822 
0.0999 1.87040 
0.1099 1.70036 
0.1199 1.55866 
0.1299 1.43876 
0.1399 1.33600 
0.1499 1.24693 
0.16 1.169 
0.1700 1.10023 
0.1800 1.03911 
0.1900 0.98442 
0.2000 0.93519 
0.2100 0.89066 
0.2200 0.85018 
0.2300 0.81321 
0.2400 0.81466 
0.2500 0.78207 
0.2600 0.75199 
0.2700 0.72414 
0.2800 0.69828 
0.2900 0.67420 
0.3000 0.65173 
0.3100 0.63070 
0.3200 0.61099 
0.3300 0.59248 
0.3400 0.57505 
0.3500 0.55862 
0.3600 0.54311 
0.3700 0.52843 
0.3800 0.51452 
0.3900 0.50133 
0.4000 0.48879 
0.4100 0.47687 
0.4200 0.46552 
0.4300 0.45469 
0.4400 0.44436 
0.4500 0.43448 
0.4600 0.42504 
0.4700 0.41599 
0.4800 0.40733 
0.4900 0.39902 
0.5000 0.39103 
0.5100 0.38337 
0.5200 0.37599 
0.5300 0.36890 
0.5400 0.36207 
0.5500 0.35549 
0.5600 0.34914 
0.5700 0.34301 
0.5800 0.33710 
0.5900 0.33138 
0.6000 0.32586 
0.6100 0.32052 
0.6200 0.31535 
0.6300 0.31034 
0.6400 0.37174 
0.6500 0.94006 
0.6600 1.63248 
0.6700 2.59534 
0.6800 3.18070 
0.6900 3.81055 
0.7000 4.67679 
0.7100 5.36338 
0.7200 6.08977 
0.7300 6.42454 
0.7400 6.76172 
0.7500 7.56479 
0.7600 8.05663 
0.7700 8.55771 
0.7800 9.18728 
0.7900 9.67210 
0.8000 9.99639 
0.8100 10.7000 
0.8200 11.1176 
0.8300 11.7193 
0.8400 12.0946 
0.8500 12.3414 
0.8600 12.9079 
0.8700 13.3151 
0.8800 13.7130 
0.8900 13.8353 
0.9000 14.1809 
0.9100 14.6774 
0.9200 14.9695 
0.9300 15.4286 
0.9400 15.8328 
0.9500 16.3445 
0.9600 16.7749 
0.9700 17.2315 
0.9800 17.5056 
0.9900 17.8427 
1.0000 18.2748 
1.0100 18.4969 
1.0200 18.9474 
1.0300 19.2410 
1.0400 19.5207 
1.0500 19.8194 
1.0600 20.1444 
1.0700 20.5268 
1.0800 20.7764 
1.0900 21.2393 
1.1000 21.4779 
1.1100 21.8039 
1.1200 22.0105 
1.1300 22.3260 
1.1400 22.6658 
1.1500 22.8153 
1.1600 22.9037 
1.1700 23.2443 
1.1800 23.0473 
1.1900 22.8536 
1.2000 22.6631 
1.2100 22.4759 
1.2200 22.2916 
1.2300 22.1104 
1.2400 21.9321 
1.2500 21.7566 
1.2600 21.5839 
1.2700 21.4140 
1.2800 21.2467 
1.2900 21.0820 
1.3000 20.9198 
1.3100 20.7601 
1.3200 20.6029 
1.3300 20.4479 
1.3400 20.2954 
1.3500 20.1450 
1.3600 19.9969 
1.3700 19.8509 
1.3800 19.9529 
1.3900 20.1266 
1.4000 20.3099 
1.4100 20.3523 
1.4200 20.5971 
1.4300 20.7555 
1.4400 20.9176 
1.4500 21.2178 
1.4600 21.4675 
1.4700 21.7368 
1.4800 21.9795 
1.4900 22.2418 
1.5000 22.2066 
1.5100 22.0595 
1.5200 21.9144 
1.5300 21.7711 
1.5400 21.6298 
1.5500 21.4902 
1.5600 21.3525 
1.5700 21.2165 
1.5800 21.0822 
1.5900 20.9496 
1.6000 20.8186 
1.6100 20.6893 
1.6200 20.5616 
1.6300 20.4355 
1.6400 20.3109 
1.6500 20.1878 
1.6600 20.0662 
1.6700 19.9460 
1.6800 19.8273 
1.6900 19.7100 
1.7000 19.6938 
1.7100 19.8563 
1.7200 20.0860 
1.7300 20.3081 
1.7400 20.4448 
1.7500 20.5557 
1.7600 20.7232 
1.7700 20.8026 
1.7800 20.9715 
1.7900 21.1576 
1.8000 21.2944 
1.8100 21.3970 
1.8200 21.4518 
1.8300 21.5895 
1.8400 21.8178 
1.8500 21.9382 
1.8600 22.0710 
1.8700 22.1979 
1.8800 22.3820 
1.8900 22.5373 
1.9000 22.6597 
1.9100 22.8918 
1.9200 22.9315 
1.9300 22.9973 
1.9400 23.1366 
1.9500 23.3180 
1.9600 23.4413 
1.9700 23.5806 
1.9800 23.6671 
1.9900 23.7485 
0.01 7.67999 
0.02 3.83999 
0.0299 10.192 
0.0400 7.85600 
0.0500 7.30239 
0.0600 7.92266 
0.0700 8.12342 
0.0800 7.10800 
0.0899 6.31822 
0.0999 5.68640 
0.1099 5.16945 
0.1199 4.73866 
0.1299 4.37415 
0.1399 4.06171 
0.1499 3.79093 
0.16 3.55400 
0.1700 3.34494 
0.1800 3.15911 
0.1900 2.99284 
0.2000 2.84319 
0.2100 2.70780 
0.2200 2.58472 
0.2300 2.47234 
0.2400 2.36933 
0.2500 2.27455 
0.2600 2.18707 
0.2700 2.13748 
0.2800 2.06114 
0.2900 1.99006 
0.3000 1.92373 
0.3100 1.86167 
0.3200 1.80349 
0.3300 1.74884 
0.3400 1.69741 
0.3500 1.64891 
0.3600 1.60311 
0.3700 1.55978 
0.3800 1.51873 
0.3900 1.47979 
0.4000 1.44279 
0.4100 1.40760 
0.4200 1.37409 
0.4300 1.34213 
0.4400 1.31163 
0.4500 1.28248 
0.4600 1.25460 
0.4700 1.22791 
0.4800 1.20233 
0.4900 1.17779 
0.5000 1.15423 
0.5100 1.13160 
0.5200 1.10984 
0.5300 1.08890 
0.5400 1.06874 
0.5500 1.04930 
0.5600 1.03057 
0.5700 1.01249 
0.5800 0.99503 
0.5900 0.97816 
0.6000 0.96186 
0.6100 0.94609 
0.6200 0.93083 
0.6300 0.91606 
0.6400 0.90174 
0.6500 0.88787 
0.6600 0.87442 
0.6700 1.01325 
0.6800 1.64682 
0.6900 2.42179 
0.7000 3.18674 
0.7100 3.84653 
0.7200 4.61755 
0.7300 5.01895 
0.7400 5.63870 
0.7500 6.37759 
0.7600 6.88505 
0.7700 7.53350 
0.7800 8.00225 
0.7900 8.50207 
0.8000 9.09539 
0.8100 9.70548 
0.8200 10.3730 
0.8300 10.6261 
0.8400 11.1457 
0.8500 11.8127 
0.8600 12.3853 
0.8700 12.7692 
0.8800 13.2987 
0.8900 13.8353 
0.9000 14.1809 
0.9100 14.6494 
0.9200 14.9787 
0.9300 15.4195 
0.9400 15.7967 
0.9500 16.1035 
0.9600 16.5011 
0.9700 16.8206 
0.9800 17.2806 
0.9900 17.7228 
1.0000 18.1222 
1.0100 18.4213 
1.0200 18.7063 
1.0300 19.1175 
1.0400 19.4881 
1.0500 19.6336 
1.0600 19.9204 
1.0700 20.3048 
1.0800 20.5408 
1.0900 20.8581 
1.1000 21.1850 
1.1100 21.5442 
1.1200 21.8667 
1.1300 22.0934 
1.1400 22.2864 
1.1500 22.4687 
1.1600 22.7648 
1.1700 23.0196 
1.1800 23.2485 
1.1900 23.5021 
1.2000 23.7443 
1.2100 24.0317 
1.2200 24.3352 
1.2300 24.5786 
1.2400 24.7633 
1.2500 24.8162 
1.2600 24.8413 
1.2700 25.1131 
1.2800 25.3542 
1.2900 25.5126 
1.3000 25.7339 
1.3100 25.8158 
1.3200 26.0056 
1.3300 26.1480 
1.3400 26.3832 
1.3500 26.5584 
1.3600 26.8121 
1.3700 26.9877 
1.3800 27.1117 
1.3900 27.2583 
1.4000 27.4028 
1.4100 27.6655 
1.4200 27.8051 
1.4300 28.0377 
1.4400 28.2669 
1.4500 28.3820 
1.4600 28.5012 
1.4700 28.7054 
1.4800 28.9010 
1.4900 28.9802 
1.5000 29.0980 
1.5100 29.2759 
1.5200 29.4683 
1.5300 29.5860 
1.5400 29.7023 
1.5500 29.8389 
1.5600 29.9847 
1.5700 30.2474 
1.5800 30.3780 
1.5900 30.5496 
1.6000 30.7402 
1.6100 30.8232 
1.6200 30.9732 
1.6300 31.1577 
1.6400 31.3039 
1.6500 31.4636 
1.6600 31.6266 
1.6700 31.7418 
1.6800 31.7346 
1.6900 31.8027 
1.7000 31.9898 
1.7100 32.0755 
1.7200 32.1355 
1.7300 32.2781 
1.7400 32.3656 
1.7500 32.5053 
1.7600 32.6482 
1.7700 32.7752 
1.7800 32.9150 
1.7900 33.0533 
1.8000 33.1429 
1.8100 33.2737 
1.8200 33.4077 
1.8300 33.5402 
1.8400 33.6437 
1.8500 33.7277 
1.8600 33.8473 
1.8700 33.9021 
1.8800 34.0285 
1.8900 34.1715 
1.9000 34.2951 
1.9100 34.4175 
1.9200 34.5562 
1.9300 34.6540 
1.9400 34.8119 
1.9500 34.9291 
1.9600 34.9932 
1.9700 35.0394 
1.9800 35.2093 
1.9900 35.3222 
0.01 5.13600 
0.02 5.96 
0.0299 4.82133 
0.0400 4.88799 
0.0500 5.43679 
0.0600 4.53066 
0.0700 3.88342 
0.0800 3.39800 
0.0899 3.02044 
0.0999 2.71840 
0.1099 2.47127 
0.1199 2.26533 
0.1299 2.09107 
0.1399 1.94171 
0.1499 1.81226 
0.16 1.69900 
0.1700 1.59905 
0.1800 1.51022 
0.1900 1.43073 
0.2000 1.3592 
0.2100 1.29447 
0.2200 1.23563 
0.2300 1.18191 
0.2400 1.13266 
0.2500 1.08735 
0.2600 1.04553 
0.2700 1.00681 
0.2800 0.97085 
0.2900 0.93737 
0.3000 0.90613 
0.3100 0.87690 
0.3200 0.84949 
0.3300 0.82375 
0.3400 0.79952 
0.3500 0.77668 
0.3600 0.75511 
0.3700 0.73470 
0.3800 0.71536 
0.3900 0.69702 
0.4000 0.67959 
0.4100 0.66302 
0.4200 0.64723 
0.4300 0.63218 
0.4400 0.61781 
0.4500 0.60408 
0.4600 0.59095 
0.4700 0.57838 
0.4800 0.56633 
0.4900 0.55477 
0.5000 0.54367 
0.5100 0.53301 
0.5200 0.52276 
0.5300 0.51290 
0.5400 0.50340 
0.5500 0.49425 
0.5600 0.48542 
0.5700 0.47691 
0.5800 0.46868 
0.5900 0.46074 
0.6000 0.45306 
0.6100 0.44563 
0.6200 0.43845 
0.6300 0.43149 
0.6400 0.42474 
0.6500 0.63999 
0.6600 1.00290 
0.6700 1.58280 
0.6800 2.30776 
0.6900 2.91339 
0.7000 3.46537 
0.7100 3.65543 
0.7200 4.29955 
0.7300 4.98410 
0.7400 5.37513 
0.7500 5.81226 
0.7600 6.55031 
0.7700 7.02690 
0.7800 7.54564 
0.7900 7.66481 
0.8000 7.84459 
0.8100 8.42824 
0.8200 8.86321 
0.8300 9.12424 
0.8400 9.46990 
0.8500 9.64781 
0.8600 9.81172 
0.8700 9.97186 
0.8800 10.1379 
0.8900 10.0240 
0.9000 9.91271 
0.9100 9.80378 
0.9200 9.69721 
0.9300 9.59294 
0.9400 9.49089 
0.9500 9.39098 
0.9600 9.29316 
0.9700 9.19736 
0.9800 9.10351 
0.9900 9.01155 
1.0000 8.92143 
1.0100 8.83310 
1.0200 8.74650 
1.0300 8.66159 
1.0400 8.57830 
1.0500 8.49660 
1.0600 8.41645 
1.0700 8.33779 
1.0800 8.26844 
1.0900 8.44154 
1.1000 8.57294 
1.1100 8.79365 
1.1200 9.13157 
1.1300 9.25338 
1.1400 9.52182 
1.1500 9.60862 
1.1600 9.92786 
1.1700 10.1184 
1.1800 10.4063 
1.1900 10.6467 
1.2000 10.6145 
1.2100 10.7580 
1.2200 10.9409 
1.2300 11.0519 
1.2400 11.2705 
1.2500 11.3703 
1.2600 11.5224 
1.2700 11.8590 
1.2800 12.1704 
1.2900 12.1944 
1.3000 12.3746 
1.3100 12.5261 
1.3200 12.9195 
1.3300 13.0519 
1.3400 12.9545 
1.3500 12.8585 
1.3600 12.7639 
1.3700 12.6708 
1.3800 12.5790 
1.3900 12.4885 
1.4000 12.3993 
1.4100 12.3113 
1.4200 12.2246 
1.4300 12.1391 
1.4400 12.0548 
1.4500 11.9717 
1.4600 11.8897 
1.4700 11.8088 
1.4800 11.7290 
1.4900 11.6503 
1.5000 11.5726 
1.5100 11.4960 
1.5200 11.4204 
1.5300 11.3457 
1.5400 11.4483 
1.5500 11.6534 
1.5600 11.8614 
1.5700 11.9425 
1.5800 12.0386 
1.5900 12.1123 
1.6000 12.2114 
1.6100 12.2725 
1.6200 12.3643 
1.6300 12.4809 
1.6400 12.5755 
1.6500 12.7100 
1.6600 12.7969 
1.6700 12.7202 
1.6800 12.6445 
1.6900 12.5697 
1.7000 12.4958 
1.7100 12.4227 
1.7200 12.3505 
1.7300 12.2791 
1.7400 12.2085 
1.7500 12.1387 
1.7600 12.0698 
1.7700 12.0016 
1.7800 11.9342 
1.7900 11.8675 
1.8000 11.8015 
1.8100 11.7363 
1.8200 11.6719 
1.8300 11.6081 
1.8400 11.5450 
1.8500 11.4826 
1.8600 11.4254 
1.8700 11.5412 
1.8800 11.5565 
1.8900 11.6568 
1.9000 11.7249 
1.9100 11.7834 
1.9200 11.8810 
1.9300 11.9469 
1.9400 12.0864 
1.9500 12.1331 
1.9600 12.2746 
1.9700 12.3199 
1.9800 12.3176 
1.9900 12.3750 
