0.01 20.49 
0.02 21.91 
0.0299 23.06 
0.0400 23.06 
0.0500 23.06 
0.0600 23.06 
0.0700 23.06 
0.0800 23.06 
0.0899 23.06 
0.0999 23.06 
0.1099 23.06 
0.1199 23.06 
0.1299 23.06 
0.1399 23.06 
0.1499 23.06 
0.16 23.06 
0.1700 23.06 
0.1800 23.06 
0.1900 23.06 
0.2000 23.06 
0.2100 23.06 
0.2200 23.06 
0.2300 1 
0.2400 1 
0.2500 1 
0.2600 1 
0.2700 1 
0.2800 1 
0.2900 1 
0.3000 1 
0.3100 1 
0.3200 1 
0.3300 1 
0.3400 1 
0.3500 1 
0.3600 1 
0.3700 1 
0.3800 1 
0.3900 1 
0.4000 1 
0.4100 1 
0.4200 1 
0.4300 1 
0.4400 1 
0.4500 1 
0.4600 1 
0.4700 1 
0.4800 1 
0.4900 1 
0.5000 1 
0.5100 1 
0.5200 1 
0.5300 1 
0.5400 1 
0.5500 1 
0.5600 1 
0.5700 1 
0.5800 1 
0.5900 1 
0.6000 1 
0.6100 1 
0.6200 1 
0.6300 1 
0.6400 1 
0.6500 1 
0.6600 1 
0.6700 1 
0.6800 1 
0.6900 1 
0.7000 1 
0.7100 1 
0.7200 1 
0.7300 1 
0.7400 1 
0.7500 1 
0.7600 1 
0.7700 1 
0.7800 1 
0.7900 1 
0.8000 1 
0.8100 1 
0.8200 1 
0.8300 1 
0.8400 1 
0.8500 1 
0.8600 1 
0.8700 1 
0.8800 1 
0.8900 1 
0.9000 1 
0.9100 1 
0.9200 1 
0.9300 1 
0.9400 1 
0.9500 1 
0.9600 1 
0.9700 1 
0.9800 1 
0.9900 1 
1.0000 1 
1.0100 1 
1.0200 1 
1.0300 1 
1.0400 1 
1.0500 1 
1.0600 1 
1.0700 1 
1.0800 1 
1.0900 1 
1.1000 1 
1.1100 1 
1.1200 1 
1.1300 1 
1.1400 1 
1.1500 1 
1.1600 1 
1.1700 1 
1.1800 1 
1.1900 1 
1.2000 1 
1.2100 1 
1.2200 1 
1.2300 1 
1.2400 1 
1.2500 1 
1.2600 1 
1.2700 1 
1.2800 1 
1.2900 1 
1.3000 1 
1.3100 1 
1.3200 1 
1.3300 1 
1.3400 1 
1.3500 1 
1.3600 1 
1.3700 1 
1.3800 1 
1.3900 1 
1.4000 1 
1.4100 1 
1.4200 1 
1.4300 1 
1.4400 1 
1.4500 1 
1.4600 1 
1.4700 1 
1.4800 1 
1.4900 1 
1.5000 1 
1.5100 1 
1.5200 1 
1.5300 1 
1.5400 1 
1.5500 1 
1.5600 1 
1.5700 1 
1.5800 1 
1.5900 1 
1.6000 1 
1.6100 1 
1.6200 1 
1.6300 1 
1.6400 1 
1.6500 1 
1.6600 1 
1.6700 1 
1.6800 1 
1.6900 1 
1.7000 1 
1.7100 1 
1.7200 1 
1.7300 1 
1.7400 1 
1.7500 1 
1.7600 1 
1.7700 1 
1.7800 1 
1.7900 1 
1.8000 1 
1.8100 1 
1.8200 1 
1.8300 1 
1.8400 1 
1.8500 1 
1.8600 1 
1.8700 1 
1.8800 1 
1.8900 1 
1.9000 1 
1.9100 1 
1.9200 1 
1.9300 1 
1.9400 1 
1.9500 1 
1.9600 1 
1.9700 1 
1.9800 1 
1.9900 1 
2.0000 1 
2.0100 1 
2.0200 1 
2.0300 1 
2.0400 1 
2.0500 1 
2.0600 1 
2.0699 1 
2.0799 1 
2.0899 1 
2.0999 1 
2.1099 1 
2.1199 1 
2.1299 1 
2.1399 1 
2.1499 1 
2.1599 1 
2.1699 1 
2.1799 1 
2.1899 1 
2.1999 1 
2.2099 1 
2.2199 1 
2.2299 1 
2.2399 1 
2.2499 1 
2.2599 1 
2.2699 1 
2.2799 1 
2.2899 1 
2.2999 1 
2.3099 1 
2.3199 1 
2.3299 1 
2.3399 1 
2.3499 1 
2.3599 1 
2.3699 1 
2.3799 1 
2.3899 1 
2.3999 1 
2.4099 1 
2.4199 1 
2.4299 1 
2.4399 1 
2.4499 1 
2.4599 1 
2.4699 1 
2.4799 1 
2.4899 1 
2.4999 1 
2.5099 1 
2.5199 1 
2.5299 1 
2.5399 1 
2.5499 1 
2.5599 1 
2.5699 1 
2.5799 1 
2.5899 1 
2.5999 1 
2.6099 1 
2.6199 1 
2.6299 1 
2.6399 1 
2.6499 1 
2.6599 1 
2.6699 1 
2.6799 1 
2.6899 1 
2.6999 1 
2.7099 1 
2.7199 1 
2.7299 1 
2.7399 1 
2.7499 1 
2.7599 1 
2.7699 1 
2.7799 1 
2.7899 1 
2.7999 1 
2.8099 1 
2.8199 1 
2.8299 1 
2.8399 1 
2.8499 1 
2.8599 1 
2.8699 1 
2.8799 1 
2.8899 1 
2.8999 1 
2.9099 1 
2.9199 1 
2.9299 1 
2.9399 1 
2.9499 1 
2.9599 1 
2.9699 1 
2.9799 1 
2.9899 1 
2.9999 1 
3.0099 1 
3.0199 1 
3.0299 1 
3.0399 1 
3.0499 1 
3.0599 1 
3.0699 1 
3.0799 1 
3.0899 1 
3.0999 1 
3.1099 1 
3.1199 1 
3.1299 1 
3.1399 1 
3.1499 1 
3.1599 1 
3.1699 1 
3.1799 1 
3.1899 1 
3.1999 1 
3.2099 1 
3.2199 1 
3.2299 1 
3.2399 1 
3.2499 1 
3.2599 1 
3.2699 1 
3.2799 1 
3.2899 1 
3.2999 1 
3.3099 1 
3.3199 1 
3.3299 1 
3.3399 1 
3.3499 1 
3.3599 1 
3.3699 1 
3.3799 1 
3.3899 1 
3.3999 1 
3.4099 1 
3.4199 1 
3.4299 1 
3.4399 1 
3.4499 1 
3.4599 1 
3.4699 1 
3.4799 1 
3.4899 1 
3.4999 1 
3.5099 1 
3.5199 1 
3.5299 1 
3.5399 1 
3.5499 1 
3.5599 1 
3.5699 1 
3.5799 1 
3.5899 1 
3.5999 1 
3.6099 1 
3.6199 1 
3.6299 1 
3.6399 1 
3.6499 1 
3.6599 1 
3.6699 1 
3.6799 1 
3.6899 1 
3.6999 1 
3.7099 1 
3.7199 1 
3.7299 1 
3.7399 1 
3.7499 1 
3.7599 1 
3.7699 1 
3.7799 1 
3.7899 1 
3.7999 1 
3.8099 1 
3.8199 1 
3.8299 1 
3.8399 1 
3.8499 1 
3.8599 1 
3.8699 1 
3.8799 1 
3.8899 1 
3.8999 1 
3.9099 1 
3.9199 1 
3.9299 1 
3.9399 1 
3.9499 1 
3.9599 1 
3.9699 1 
3.9799 1 
3.9899 1 
3.9999 1 
4.0099 1 
4.0199 1 
4.0299 1 
4.0399 1 
4.0499 1 
4.0599 1 
4.0699 1 
4.0799 1 
4.0899 1 
4.0999 1 
4.1099 1 
4.1199 1 
4.1299 1 
4.1399 1 
4.1499 1 
4.1599 1 
4.1699 1 
4.1799 1 
4.1899 1 
4.1999 1 
4.2099 1 
4.2199 1 
4.2299 1 
4.2399 1 
4.2499 1 
4.2599 1 
4.2699 1 
4.2799 1 
4.2899 1 
4.2999 1 
4.3099 1 
4.3199 1 
4.3299 1 
4.3399 1 
4.3499 1 
4.3599 1 
4.3699 1 
4.3799 1 
4.3899 1 
4.3999 1 
4.4099 1 
4.4199 1 
4.4299 1 
4.4399 1 
4.4499 1 
4.4599 1 
4.4699 1 
4.4799 1 
4.4899 1 
4.4999 1 
4.5099 1 
4.5199 1 
4.5299 1 
4.5399 1 
4.5499 1 
4.5599 1 
4.5699 1 
4.5799 1 
4.5899 1 
4.5999 1 
4.6099 1 
4.6199 1 
4.6299 1 
4.6399 1 
4.6499 1 
4.6599 1 
4.6699 1 
4.6799 1 
4.6899 1 
4.6999 1 
4.7099 1 
4.7199 1 
4.7299 1 
4.7399 1 
4.7499 1 
4.7599 1 
4.7699 1 
4.7799 1 
4.7899 1 
4.7999 1 
4.8099 1 
4.8199 1 
4.8299 1 
4.8399 1 
4.8499 1 
4.8599 1 
4.8699 1 
4.8799 1 
4.8899 1 
4.8999 1 
4.9099 1 
4.9199 1 
4.9299 1 
4.9399 1 
4.9499 1 
4.9599 1 
4.9699 1 
4.9799 1 
4.9899 1 
4.9999 1 
0.01 16 
0.02 22.27 
0.0299 23.66 
0.0400 24.49 
0.0500 26.04 
0.0600 27.39 
0.0700 28.81 
0.0800 5 
0.0899 12.97 
0.0999 15.69 
0.1099 18.45 
0.1199 19.45 
0.1299 21.08 
0.1399 22.73 
0.1499 23.93 
0.16 26.01 
0.1700 27.51 
0.1800 28.65 
0.1900 11.14 
0.2000 14.01 
0.2100 9.125 
0.2200 12.22 
0.2300 15.09 
0.2400 17.94 
0.2500 19.74 
0.2600 20.59 
0.2700 22.31 
0.2800 8 
0.2900 13.04 
0.3000 14.98 
0.3100 17.22 
0.3200 19.04 
0.3300 20.80 
0.3400 22.46 
0.3500 24.01 
0.3600 26.24 
0.3700 27.62 
0.3800 28.89 
0.3900 29.68 
0.4000 30.90 
0.4100 32.42 
0.4200 10.19 
0.4300 14.08 
0.4400 3 
0.4500 10.45 
0.4600 14.20 
0.4700 17.08 
0.4800 18.81 
0.4900 20.39 
0.5000 1 
0.5100 11.04 
0.5200 4 
0.5300 9.078 
0.5400 12.99 
0.5500 15.26 
0.5600 9.062 
0.5700 11.32 
0.5800 14.16 
0.5900 8.437 
0.6000 8.437 
0.6100 8.437 
0.6200 8.437 
0.6300 8.437 
0.6400 8.437 
0.6500 8.437 
0.6600 8.437 
0.6700 8.437 
0.6800 8.437 
0.6900 8.437 
0.7000 8.437 
0.7100 8.437 
0.7200 8.437 
0.7300 8.437 
0.7400 8.437 
0.7500 8.437 
0.7600 8.437 
0.7700 8.437 
0.7800 8.437 
0.7900 2 
0.8000 7.390 
0.8100 11.09 
0.8200 13.97 
0.8300 8.317 
0.8400 10.06 
0.8500 12.86 
0.8600 15.61 
0.8700 17.49 
0.8800 8.950 
0.8900 12.34 
0.9000 15.18 
0.9100 18.02 
0.9200 19.66 
0.9300 8 
0.9400 10.63 
0.9500 2 
0.9600 7.441 
0.9700 7.390 
0.9800 11.09 
0.9900 13.97 
1.0000 16.71 
1.0100 18.58 
1.0200 20.33 
1.0300 1 
1.0400 10.68 
1.0500 6.730 
1.0600 10.47 
1.0700 13.34 
1.0800 16.19 
1.0900 1 
1.1000 10.63 
1.1100 13.39 
1.1200 17.19 
1.1300 18.96 
1.1400 20.78 
1.1500 22.44 
1.1600 1 
1.1700 11.14 
1.1800 14.01 
1.1900 16.80 
1.2000 18.67 
1.2100 21.08 
1.2200 6 
1.2300 6 
1.2400 8.739 
1.2500 11.43 
1.2600 15.19 
1.2700 18.03 
1.2800 8 
1.2900 11.54 
1.3000 14.33 
1.3100 16.29 
1.3200 8 
1.3300 10.78 
1.3400 13.80 
1.3500 16.57 
1.3600 18.40 
1.3700 20.07 
1.3800 11.04 
1.3900 13.35 
1.4000 16.20 
1.4100 18.07 
1.4200 20.65 
1.4300 21.60 
1.4400 1 
1.4500 11.14 
1.4600 14.01 
1.4700 16.80 
1.4800 1 
1.4900 9.853 
1.5000 12.70 
1.5100 16.41 
1.5200 18.26 
1.5300 8 
1.5400 11.27 
1.5500 14.33 
1.5600 16.48 
1.5700 1 
1.5800 10.25 
1.5900 13.09 
1.6000 16.29 
1.6100 9.281 
1.6200 11.41 
1.6300 6.791 
1.6400 10.12 
1.6500 13.06 
1.6600 15.90 
1.6700 18.68 
1.6800 19.67 
1.6900 1 
1.7000 11.04 
1.7100 11.04 
1.7200 11.04 
1.7300 11.04 
1.7400 11.04 
1.7500 11.04 
1.7600 11.04 
1.7700 11.04 
1.7800 11.04 
1.7900 11.04 
1.8000 11.04 
1.8100 11.04 
1.8200 11.04 
1.8300 11.04 
1.8400 11.04 
1.8500 11.04 
1.8600 11.04 
1.8700 11.04 
1.8800 11.04 
1.8900 11.04 
1.9000 6.263 
1.9100 8.457 
1.9200 5.688 
1.9300 9.319 
1.9400 12.21 
1.9500 16.04 
1.9600 1 
1.9700 8 
1.9800 5.319 
1.9900 8.168 
0.01 20.59 
0.02 22.27 
0.0299 22.98 
0.0400 5 
0.0500 12.09 
0.0600 7.498 
0.0700 4.164 
0.0800 7.612 
0.0899 11.24 
0.0999 14.09 
0.1099 16.99 
0.1199 18.78 
0.1299 20.66 
0.1399 4 
0.1499 12.09 
0.16 14.84 
0.1700 16.68 
0.1800 18.56 
0.1900 20.31 
0.2000 22.01 
0.2100 22.86 
0.2200 1 
0.2300 11.40 
0.2400 13.50 
0.2500 8.739 
0.2600 11.43 
0.2700 7.362 
0.2800 1 
0.2900 3.553 
0.3000 5.197 
0.3100 8.806 
0.3200 12.40 
0.3300 15.23 
0.3400 18.06 
0.3500 3 
0.3600 11.36 
0.3700 5.577 
0.3800 9.253 
0.3900 12.07 
0.4000 14.00 
0.4100 16.79 
0.4200 18.66 
0.4300 20.40 
0.4400 22.10 
0.4500 24.09 
0.4600 24.34 
0.4700 24.34 
0.4800 24.34 
0.4900 24.34 
0.5000 24.34 
0.5100 24.34 
0.5200 24.34 
0.5300 24.34 
0.5400 24.34 
0.5500 24.34 
0.5600 24.34 
0.5700 24.34 
0.5800 24.34 
0.5900 24.34 
0.6000 24.34 
0.6100 24.34 
0.6200 24.34 
0.6300 24.34 
0.6400 24.34 
0.6500 24.34 
0.6600 10.49 
0.6700 14.29 
0.6800 16.20 
0.6900 18.12 
0.7000 20.06 
0.7100 5 
0.7200 12.73 
0.7300 4 
0.7400 8.386 
0.7500 11.16 
0.7600 6.328 
0.7700 9.188 
0.7800 12.35 
0.7900 15.19 
0.8000 17.11 
0.8100 4 
0.8200 11.27 
0.8300 14.12 
0.8400 17.01 
0.8500 19.64 
0.8600 21.39 
0.8700 22.84 
0.8800 24.37 
0.8900 25.65 
0.9000 5 
0.9100 6.099 
0.9200 9.033 
0.9300 11.74 
0.9400 14.49 
0.9500 15.43 
0.9600 17.44 
0.9700 9.954 
0.9800 12.13 
0.9900 15.01 
1.0000 17.82 
1.0100 19.69 
1.0200 21.58 
1.0300 23.36 
1.0400 24.86 
1.0500 26.11 
1.0600 27.60 
1.0700 29.02 
1.0800 30.10 
1.0900 31.27 
1.1000 32.28 
1.1100 1 
1.1200 11.04 
1.1300 14.77 
1.1400 8.317 
1.1500 9.45 
1.1600 13.17 
1.1700 16.05 
1.1800 17.94 
1.1900 9.389 
1.2000 11.32 
1.2100 15.12 
1.2200 17.40 
1.2300 9.172 
1.2400 12.01 
1.2500 13.87 
1.2600 9.297 
1.2700 12.11 
1.2800 14.99 
1.2900 17.75 
1.3000 20.42 
1.3100 1 
1.3200 10.95 
1.3300 12.65 
1.3400 14.50 
1.3500 1 
1.3600 7.390 
1.3700 11.18 
1.3800 13.23 
1.3900 15.14 
1.4000 2 
1.4100 8.530 
1.4200 5.319 
1.4300 8.990 
1.4400 12.53 
1.4500 7.498 
1.4600 1 
1.4700 7.526 
1.4800 7.062 
1.4900 10.96 
1.5000 7.577 
1.5100 11.30 
1.5200 13.49 
1.5300 17.26 
1.5400 19.03 
1.5500 20.69 
1.5600 22.55 
1.5700 4 
1.5800 1 
1.5900 7.966 
1.6000 11.03 
1.6100 6.422 
1.6200 9.468 
1.6300 12.24 
1.6400 16.06 
1.6500 1 
1.6600 9.808 
1.6700 13.43 
1.6800 15.57 
1.6900 18.35 
1.7000 20.12 
1.7100 21.84 
1.7200 23.26 
1.7300 5 
1.7400 13.04 
1.7500 15.88 
1.7600 18.12 
1.7700 10.25 
1.7800 5.2 
1.7900 5.625 
1.8000 9.172 
1.8100 12.98 
1.8200 6.166 
1.8300 10.12 
1.8400 13.88 
1.8500 16.64 
1.8600 18.46 
1.8700 4 
1.8800 5.319 
1.8900 9.844 
1.9000 12.53 
1.9100 14.25 
1.9200 17.13 
1.9300 1 
1.9400 10.63 
1.9500 13.39 
1.9600 16.23 
1.9700 17.31 
1.9800 19.12 
1.9900 21.63 
0.01 21.54 
0.02 23.83 
0.0299 26.68 
0.0400 29.12 
0.0500 30.99 
0.0600 33.23 
0.0700 35.33 
0.0800 37.42 
0.0899 39.20 
0.0999 10.19 
0.1099 14.98 
0.1199 18.61 
0.1299 22.60 
0.1399 25.11 
0.1499 27.18 
0.16 29.58 
0.1700 31.41 
0.1800 33.51 
0.1900 35.23 
0.2000 36.86 
0.2100 38.66 
0.2200 40.39 
0.2300 41.75 
0.2400 43.35 
0.2500 44.89 
0.2600 46.29 
0.2700 47.82 
0.2800 49.14 
0.2900 50.23 
0.3000 51.33 
0.3100 52.49 
0.3200 5 
0.3300 14.98 
0.3400 18.67 
0.3500 22.15 
0.3600 25.19 
0.3700 27.18 
0.3800 29.03 
0.3900 30.67 
0.4000 32.82 
0.4100 7 
0.4200 14.43 
0.4300 8.437 
0.4400 14.27 
0.4500 18.05 
0.4600 21.59 
0.4700 11.49 
0.4800 16.20 
0.4900 3 
0.5000 13.24 
0.5100 17.99 
0.5200 20.63 
0.5300 10.19 
0.5400 14.98 
0.5500 18.01 
0.5600 20.75 
0.5700 23.80 
0.5800 25.90 
0.5900 27.98 
0.6000 30.31 
0.6100 32.60 
0.6200 34.74 
0.6300 36.21 
0.6400 38.14 
0.6500 39.69 
0.6600 41.46 
0.6700 42.88 
0.6800 44.44 
0.6900 45.99 
0.7000 47.11 
0.7100 48.61 
0.7200 10.19 
0.7300 7.498 
0.7400 12.27 
0.7500 11.25 
0.7600 16.03 
0.7700 1 
0.7800 12.21 
0.7900 17.01 
0.8000 20.14 
0.8100 23.95 
0.8200 12.09 
0.8300 16.80 
0.8400 20.41 
0.8500 23.34 
0.8600 26.70 
0.8700 28.72 
0.8800 3 
0.8900 13.64 
0.9000 17.39 
0.9100 1 
0.9200 13.04 
0.9300 17.27 
0.9400 20.65 
0.9500 23.03 
0.9600 25.19 
0.9700 27.62 
0.9800 30.51 
0.9900 32.29 
1.0000 33.87 
1.0100 36.37 
1.0200 38.30 
1.0300 39.84 
1.0400 41.12 
1.0500 42.84 
1.0600 44.22 
1.0700 45.47 
1.0800 46.68 
1.0900 11.14 
1.1000 16.80 
1.1100 20.26 
1.1200 11.04 
1.1300 15.69 
1.1400 18.99 
1.1500 22.15 
1.1600 24.71 
1.1700 4 
1.1800 14.01 
1.1900 17.73 
1.2000 1 
1.2100 12.97 
1.2200 17.56 
1.2300 9.542 
1.2400 14.19 
1.2500 17.99 
1.2600 2 
1.2700 13.35 
1.2800 17.73 
1.2900 20.99 
1.3000 24.18 
1.3100 5 
1.3200 14.01 
1.3300 18.45 
1.3400 21.78 
1.3500 24.87 
1.3600 27.14 
1.3700 29.00 
1.3800 30.74 
1.3900 33.00 
1.4000 35.00 
1.4100 11.14 
1.4200 15.88 
1.4300 19.35 
1.4400 11.49 
1.4500 16.20 
1.4600 19.71 
1.4700 22.82 
1.4800 25.19 
1.4900 27.83 
1.5000 29.64 
1.5100 31.98 
1.5200 33.69 
1.5300 35.59 
1.5400 37.56 
1.5500 39.43 
1.5600 41.36 
1.5700 42.88 
1.5800 44.44 
1.5900 13.04 
1.6000 17.73 
1.6100 20.31 
1.6200 1 
1.6300 12.09 
1.6400 16.80 
1.6500 21.04 
1.6600 23.93 
1.6700 26.01 
1.6800 28.65 
1.6900 30.54 
1.7000 32.57 
1.7100 35.06 
1.7200 36.51 
1.7300 38.27 
1.7400 40.01 
1.7500 41.77 
1.7600 43.12 
1.7700 44.78 
1.7800 45.92 
1.7900 47.72 
1.8000 48.96 
1.8100 50.65 
1.8200 51.74 
1.8300 53.04 
1.8400 54.23 
1.8500 2 
1.8600 12.57 
1.8700 17.27 
1.8800 20.80 
1.8900 24.51 
1.9000 26.13 
1.9100 4 
1.9200 13.42 
1.9300 17.22 
1.9400 21.37 
1.9500 23.68 
1.9600 26.70 
1.9700 28.72 
1.9800 31.00 
1.9900 33.24 
0.01 20.59 
0.02 23.66 
0.0299 25.85 
0.0400 28.64 
0.0500 30.53 
0.0600 32.81 
0.0700 34.47 
0.0800 36.50 
0.0899 10.19 
0.0999 14.57 
0.1099 19.14 
0.1199 10.68 
0.1299 14.08 
0.1399 17.90 
0.1499 1 
0.16 12.81 
0.1700 17.45 
0.1800 20.65 
0.1900 23.21 
0.2000 12.25 
0.2100 17.04 
0.2200 19.81 
0.2300 22.28 
0.2400 25.43 
0.2500 27.40 
0.2600 29.44 
0.2700 2 
0.2800 13.04 
0.2900 17.73 
0.3000 21.18 
0.3100 10.68 
0.3200 11.04 
0.3300 11.04 
0.3400 11.04 
0.3500 11.04 
0.3600 11.04 
0.3700 11.04 
0.3800 11.04 
0.3900 11.04 
0.4000 11.04 
0.4100 11.04 
0.4200 11.04 
0.4300 11.04 
0.4400 11.04 
0.4500 11.04 
0.4600 11.04 
0.4700 11.04 
0.4800 11.04 
0.4900 11.04 
0.5000 11.04 
0.5100 11.04 
0.5200 8.216 
0.5300 12.88 
0.5400 16.55 
0.5500 19.34 
0.5600 5.251 
0.5700 11.59 
0.5800 16.27 
0.5900 19.97 
0.6000 22.24 
0.6100 13.04 
0.6200 8.317 
0.6300 12.22 
0.6400 16.11 
0.6500 8 
0.6600 13.43 
0.6700 18.13 
0.6800 20.90 
0.6900 23.43 
0.7000 26.55 
0.7100 28.58 
0.7200 14.01 
0.7300 17.73 
0.7400 20.60 
0.7500 23.64 
0.7600 26.05 
0.7700 28.26 
0.7800 30.96 
0.7900 32.85 
0.8000 34.39 
0.8100 36.43 
0.8200 38.14 
0.8300 39.59 
0.8400 41.27 
0.8500 43.26 
0.8600 44.53 
0.8700 45.68 
0.8800 47.15 
0.8900 48.32 
0.9000 13.04 
0.9100 16.80 
0.9200 20.31 
0.9300 23.97 
0.9400 26.21 
0.9500 4 
0.9600 14.01 
0.9700 18.07 
0.9800 20.65 
0.9900 23.89 
1.0000 26.88 
1.0100 28.75 
1.0200 30.64 
1.0300 32.79 
1.0400 34.80 
1.0500 11.14 
1.0600 15.88 
1.0700 18.56 
1.0800 8 
1.0900 14.29 
1.1000 9.555 
1.1100 15.09 
1.1200 17.99 
1.1300 21.49 
1.1400 24.45 
1.1500 27.24 
1.1600 10.19 
1.1700 14.98 
1.1800 18.61 
1.1900 22.06 
1.2000 24.95 
1.2100 27.69 
1.2200 29.10 
1.2300 10.19 
1.2400 7.498 
1.2500 12.27 
1.2600 17.06 
1.2700 2 
1.2800 13.39 
1.2900 17.31 
1.3000 20.78 
1.3100 23.19 
1.3200 25.96 
1.3300 28.74 
1.3400 31.40 
1.3500 33.50 
1.3600 35.47 
1.3700 37.76 
1.3800 39.22 
1.3900 40.87 
1.4000 42.59 
1.4100 5 
1.4200 14.01 
1.4300 18.61 
1.4400 21.08 
1.4500 21.08 
1.4600 21.08 
1.4700 21.08 
1.4800 21.08 
1.4900 21.08 
1.5000 21.08 
1.5100 21.08 
1.5200 21.08 
1.5300 21.08 
1.5400 21.08 
1.5500 21.08 
1.5600 21.08 
1.5700 21.08 
1.5800 21.08 
1.5900 21.08 
1.6000 21.08 
1.6100 21.08 
1.6200 21.08 
1.6300 21.08 
1.6400 4 
1.6500 14.22 
1.6600 18.01 
1.6700 21.51 
1.6800 10 
1.6900 13.79 
1.7000 17.62 
1.7100 10.25 
1.7200 14.19 
1.7300 18.91 
1.7400 22.08 
1.7500 24.81 
1.7600 27.57 
1.7700 28.91 
1.7800 30.79 
1.7900 10.29 
1.8000 13.64 
1.8100 17.39 
1.8200 20.99 
1.8300 23.12 
1.8400 25.31 
1.8500 6 
1.8600 14.01 
1.8700 18.01 
1.8800 11.97 
1.8900 16.54 
1.9000 8 
1.9100 9.533 
1.9200 14.18 
1.9300 17.76 
1.9400 20.92 
1.9500 23.44 
1.9600 12.09 
1.9700 16.80 
1.9800 20.36 
1.9900 11.04 
0.01 20.54 
0.02 23.75 
0.0299 26.61 
0.0400 28.60 
0.0500 30.37 
0.0600 32.28 
0.0700 10.39 
0.0800 15.17 
0.0899 18.07 
0.0999 20.75 
0.1099 23.97 
0.1199 26.05 
0.1299 27.58 
0.1399 30.21 
0.1499 31.89 
0.16 33.72 
0.1700 4 
0.1800 14.01 
0.1900 17.73 
0.2000 20.56 
0.2100 23.03 
0.2200 25.03 
0.2300 26.88 
0.2400 29.44 
0.2500 10.19 
0.2600 14.98 
0.2700 18.67 
0.2800 20.89 
0.2900 12.17 
0.3000 16.56 
0.3100 9.705 
0.3200 13.87 
0.3300 18.46 
0.3400 10.63 
0.3500 10.28 
0.3600 15.03 
0.3700 18.77 
0.3800 1 
0.3900 13.12 
0.4000 3 
0.4100 12.01 
0.4200 17.57 
0.4300 20.27 
0.4400 22.69 
0.4500 25.67 
0.4600 27.77 
0.4700 29.72 
0.4800 32.05 
0.4900 33.15 
0.5000 11.04 
0.5100 15.24 
0.5200 1 
0.5300 11.97 
0.5400 16.54 
0.5500 19.22 
0.5600 21.95 
0.5700 24.69 
0.5800 27.60 
0.5900 29.15 
0.6000 30.36 
0.6100 1 
0.6200 9.984 
0.6300 9.844 
0.6400 15.07 
0.6500 17.93 
0.6600 20.48 
0.6700 5 
0.6800 7.166 
0.6900 12.64 
0.7000 17.26 
0.7100 19.19 
0.7200 11.04 
0.7300 8.071 
0.7400 12.06 
0.7500 8.143 
0.7600 13.66 
0.7700 1 
0.7800 12.10 
0.7900 15.89 
0.8000 11.20 
0.8100 15.99 
0.8200 9.281 
0.8300 14.23 
0.8400 18.62 
0.8500 21.23 
0.8600 24.23 
0.8700 26.40 
0.8800 11.83 
0.8900 16.44 
0.9000 10.25 
0.9100 13.98 
0.9200 9.062 
0.9300 12.10 
0.9400 15.89 
0.9500 18.99 
0.9600 22.33 
0.9700 24.72 
0.9800 27.18 
0.9900 29.03 
1.0000 12.09 
1.0100 16.80 
1.0200 20.31 
1.0300 23.29 
1.0400 1 
1.0500 12.65 
1.0600 15.82 
1.0700 20.26 
1.0800 22.68 
1.0900 25.03 
1.1000 27.03 
1.1100 29.71 
1.1200 31.86 
1.1300 10.29 
1.1400 1 
1.1500 9.078 
1.1600 6.166 
1.1700 11.25 
1.1800 16.03 
1.1900 18.84 
1.2000 21.43 
1.2100 23.98 
1.2200 25.91 
1.2300 27.26 
1.2400 29.11 
1.2500 31.49 
1.2600 12.09 
1.2700 15.88 
1.2800 19.51 
1.2900 10.58 
1.3000 14.29 
1.3100 9.234 
1.3200 7.253 
1.3300 12.04 
1.3400 16.71 
1.3500 20.23 
1.3600 22.66 
1.3700 25.49 
1.3800 27.45 
1.3900 29.56 
1.4000 31.27 
1.4100 33.07 
1.4200 35.18 
1.4300 36.58 
1.4400 38.18 
1.4500 39.52 
1.4600 40.91 
1.4700 42.17 
1.4800 43.47 
1.4900 11.04 
1.5000 14.01 
1.5100 17.73 
1.5200 20.36 
1.5300 23.08 
1.5400 25.70 
1.5500 27.65 
1.5600 11.04 
1.5700 5.392 
1.5800 10.28 
1.5900 16.00 
1.6000 18.82 
1.6100 11.36 
1.6200 16.11 
1.6300 9.954 
1.6400 12.13 
1.6500 16.41 
1.6600 20.09 
1.6700 11.31 
1.6800 10.37 
1.6900 15.10 
1.7000 18.82 
1.7100 21.64 
1.7200 24.09 
1.7300 26.92 
1.7400 27.79 
1.7500 30.14 
1.7600 11.04 
1.7700 11.04 
1.7800 11.04 
1.7900 11.04 
1.8000 11.04 
1.8100 11.04 
1.8200 11.04 
1.8300 11.04 
1.8400 11.04 
1.8500 11.04 
1.8600 11.04 
1.8700 11.04 
1.8800 11.04 
1.8900 11.04 
1.9000 11.04 
1.9100 11.04 
1.9200 11.04 
1.9300 11.04 
1.9400 11.04 
1.9500 11.04 
1.9600 6.422 
1.9700 11.03 
1.9800 15.62 
1.9900 18.39 
0.01 19 
0.02 22.54 
0.0299 25.22 
0.0400 11.58 
0.0500 16.07 
0.0600 19.71 
0.0700 4 
0.0800 7.918 
0.0899 2 
0.0999 8.216 
0.1099 13.19 
0.1199 16.25 
0.1299 8 
0.1399 13.39 
0.1499 9.297 
0.16 5 
0.1700 8.623 
0.1800 13.22 
0.1900 6 
0.2000 11.29 
0.2100 15.09 
0.2200 17.02 
0.2300 20.59 
0.2400 11.04 
0.2500 15.04 
0.2600 10.45 
0.2700 14.20 
0.2800 9.062 
0.2900 6.263 
0.3000 5.442 
0.3100 10.11 
0.3200 14.64 
0.3300 3 
0.3400 10.06 
0.3500 13.98 
0.3600 17.66 
0.3700 20.97 
0.3800 1 
0.3900 12.49 
0.4000 7.498 
0.4100 7.498 
0.4200 7.498 
0.4300 7.498 
0.4400 7.498 
0.4500 7.498 
0.4600 7.498 
0.4700 7.498 
0.4800 7.498 
0.4900 7.498 
0.5000 7.498 
0.5100 7.498 
0.5200 7.498 
0.5300 7.498 
0.5400 7.498 
0.5500 7.498 
0.5600 7.498 
0.5700 7.498 
0.5800 7.498 
0.5900 7.498 
0.6000 3.908 
0.6100 6.143 
0.6200 10.30 
0.6300 7.166 
0.6400 12.64 
0.6500 15.87 
0.6600 19.45 
0.6700 2 
0.6800 12.09 
0.6900 7.362 
0.7000 13.29 
0.7100 17.11 
0.7200 19.77 
0.7300 8 
0.7400 14.29 
0.7500 9.660 
0.7600 8.647 
0.7700 12.37 
0.7800 7.362 
0.7900 12.02 
0.8000 15.77 
0.8100 7.817 
0.8200 11.64 
0.8300 15.29 
0.8400 19.02 
0.8500 20.97 
0.8600 10 
0.8700 7.498 
0.8800 10.41 
0.8900 8.092 
0.9000 13.26 
0.9100 7.762 
0.9200 11.43 
0.9300 1 
0.9400 10.36 
0.9500 13.55 
0.9600 8.506 
0.9700 5.577 
0.9800 4.847 
0.9900 5.123 
1.0000 9.533 
1.0100 8.168 
1.0200 4.25 
1.0300 4.25 
1.0400 4.25 
1.0500 4.25 
1.0600 4.25 
1.0700 4.25 
1.0800 4.25 
1.0900 4.25 
1.1000 4.25 
1.1100 4.25 
1.1200 4.25 
1.1300 4.25 
1.1400 4.25 
1.1500 4.25 
1.1600 4.25 
1.1700 4.25 
1.1800 4.25 
1.1900 4.25 
1.2000 4.25 
1.2100 4.25 
1.2200 2.9 
1.2300 6.261 
1.2400 9.983 
1.2500 5.577 
1.2600 7.204 
1.2700 11.84 
1.2800 16.39 
1.2900 9.281 
1.3000 14.16 
1.3100 18.02 
1.3200 20.66 
1.3300 2 
1.3400 13.35 
1.3500 9.511 
1.3600 6.578 
1.3700 10.47 
1.3800 7.306 
1.3900 8.763 
1.4000 12.53 
1.4100 7.498 
1.4200 12.27 
1.4300 16.09 
1.4400 18.95 
1.4500 10.44 
1.4600 7.443 
1.4700 12.07 
1.4800 12.07 
1.4900 12.07 
1.5000 12.07 
1.5100 12.07 
1.5200 12.07 
1.5300 12.07 
1.5400 12.07 
1.5500 12.07 
1.5600 12.07 
1.5700 12.07 
1.5800 12.07 
1.5900 12.07 
1.6000 12.07 
1.6100 12.07 
1.6200 12.07 
1.6300 12.07 
1.6400 12.07 
1.6500 12.07 
1.6600 12.07 
1.6700 4 
1.6800 5.123 
1.6900 8.647 
1.7000 3.333 
1.7100 8.606 
1.7200 13.21 
1.7300 18.02 
1.7400 19.77 
1.7500 10.63 
1.7600 6.730 
1.7700 7.612 
1.7800 13.13 
1.7900 16.99 
1.8000 9.389 
1.8100 13.28 
1.8200 8.623 
1.8300 13.22 
1.8400 17.06 
1.8500 2 
1.8600 12.21 
1.8700 8.071 
1.8800 5.688 
1.8900 5.688 
1.9000 5.688 
1.9100 5.688 
1.9200 5.688 
1.9300 5.688 
1.9400 5.688 
1.9500 5.688 
1.9600 5.688 
1.9700 5.688 
1.9800 5.688 
1.9900 5.688 
0.01 1 
0.02 2 
0.0299 2 
0.0400 2 
0.0500 2 
0.0600 2 
0.0700 2 
0.0800 2 
0.0899 2 
0.0999 2 
0.1099 2 
0.1199 2 
0.1299 2 
0.1399 2 
0.1499 2 
0.16 2 
0.1700 2 
0.1800 2 
0.1900 2 
0.2000 2 
0.2100 2 
0.2200 2 
0.2300 4.339 
0.2400 5.197 
0.2500 5.197 
0.2600 5.197 
0.2700 5.197 
0.2800 5.197 
0.2900 5.197 
0.3000 5.197 
0.3100 5.197 
0.3200 5.197 
0.3300 5.197 
0.3400 5.197 
0.3500 5.197 
0.3600 5.197 
0.3700 5.197 
0.3800 5.197 
0.3900 5.197 
0.4000 5.197 
0.4100 5.197 
0.4200 5.197 
0.4300 5.197 
0.4400 5.197 
0.4500 7.165 
0.4600 6.519 
0.4700 1 
0.4800 4.095 
0.4900 7.965 
0.5000 4 
0.5100 1 
0.5200 7.526 
0.5300 11.18 
0.5400 14.04 
0.5500 8.195 
0.5600 10.36 
0.5700 13.25 
0.5800 16.11 
0.5900 17.99 
0.6000 19.74 
0.6100 3 
0.6200 1 
0.6300 8.623 
0.6400 12.27 
0.6500 15.13 
0.6600 17.97 
0.6700 19.82 
0.6800 21.52 
0.6900 23.31 
0.7000 7 
0.7100 12.33 
0.7200 16.13 
0.7300 1 
0.7400 10.50 
0.7500 14.23 
0.7600 17.11 
0.7700 1 
0.7800 11.36 
0.7900 14.19 
0.8000 16.90 
0.8100 18.75 
0.8200 4 
0.8300 11.27 
0.8400 15.08 
0.8500 16.54 
0.8600 8.369 
0.8700 5.319 
0.8800 8.990 
0.8900 11.62 
0.9000 15.34 
0.9100 8.317 
0.9200 11.20 
0.9300 7.362 
0.9400 7.362 
0.9500 7.362 
0.9600 7.362 
0.9700 7.362 
0.9800 7.362 
0.9900 7.362 
1.0000 7.362 
1.0100 7.362 
1.0200 7.362 
1.0300 7.362 
1.0400 7.362 
1.0500 7.362 
1.0600 7.362 
1.0700 7.362 
1.0800 7.362 
1.0900 7.362 
1.1000 7.362 
1.1100 7.362 
1.1200 7.362 
1.1300 4.164 
1.1400 8.248 
1.1500 12.01 
1.1600 14.78 
1.1700 17.57 
1.1800 9.954 
1.1900 11.54 
1.2000 14.33 
1.2100 17.19 
1.2200 9.389 
1.2300 12.34 
1.2400 15.18 
1.2500 17.11 
1.2600 19.77 
1.2700 8 
1.2800 12.46 
1.2900 15.28 
1.3000 18.10 
1.3100 19.94 
1.3200 7 
1.3300 12.30 
1.3400 15.15 
1.3500 17.99 
1.3600 1 
1.3700 9.853 
1.3800 13.24 
1.3900 16.11 
1.4000 17.99 
1.4100 8.722 
1.4200 1 
1.4300 7.306 
1.4400 5.625 
1.4500 9.282 
1.4600 12.10 
1.4700 4.631 
1.4800 4.404 
1.4900 8.369 
1.5000 11.24 
1.5100 15.05 
1.5200 17.91 
1.5300 19.61 
1.5400 8 
1.5500 12.21 
1.5600 15.98 
1.5700 17.82 
1.5800 19.69 
1.5900 21.63 
1.6000 10.58 
1.6100 13.04 
1.6200 15.69 
1.6300 18.45 
1.6400 20.36 
1.6500 21.23 
1.6600 22.15 
1.6700 23.72 
1.6800 25.97 
1.6900 27.18 
1.7000 4 
1.7100 12.09 
1.7200 7.362 
1.7300 6.422 
1.7400 8.337 
1.7500 11.12 
1.7600 7.082 
1.7700 4 
1.7800 9.211 
1.7900 13.00 
1.8000 7.498 
1.8100 11.34 
1.8200 14.17 
1.8300 17.06 
1.8400 9.389 
1.8500 1 
1.8600 7.966 
1.8700 11.48 
1.8800 14.28 
1.8900 17.15 
1.9000 18.92 
1.9100 19.75 
1.9200 4 
1.9300 8 
1.9400 8 
1.9500 8 
1.9600 8 
1.9700 8 
1.9800 8 
1.9900 8 
0.01 2 
0.02 8 
0.0299 8 
0.0400 8 
0.0500 8 
0.0600 8 
0.0700 8 
0.0800 8 
0.0899 8 
0.0999 8 
0.1099 8 
0.1199 8 
0.1299 8 
0.1399 8 
0.1499 8 
0.16 8 
0.1700 8 
0.1800 8 
0.1900 8 
0.2000 8 
0.2100 8 
0.2200 2 
0.2300 5.123 
0.2400 6.968 
0.2500 6.968 
0.2600 6.968 
0.2700 6.968 
0.2800 6.968 
0.2900 6.968 
0.3000 6.968 
0.3100 6.968 
0.3200 6.968 
0.3300 6.968 
0.3400 6.968 
0.3500 6.968 
0.3600 6.968 
0.3700 6.968 
0.3800 6.968 
0.3900 6.968 
0.4000 6.968 
0.4100 6.968 
0.4200 6.968 
0.4300 6.968 
0.4400 2 
0.4500 7.612 
0.4600 10.40 
0.4700 14.16 
0.4800 16.02 
0.4900 18.78 
0.5000 20.56 
0.5100 22.78 
0.5200 23.81 
0.5300 25.90 
0.5400 27.40 
0.5500 28.69 
0.5600 29.51 
0.5700 30.87 
0.5800 10.29 
0.5900 12.49 
0.6000 15.31 
0.6100 17.22 
0.6200 19.86 
0.6300 1 
0.6400 12.09 
0.6500 14.08 
0.6600 16.74 
0.6700 18.56 
0.6800 20.31 
0.6900 22.15 
0.7000 23.72 
0.7100 24.55 
0.7200 26.58 
0.7300 27.91 
0.7400 29.17 
0.7500 11.14 
0.7600 14.01 
0.7700 15.88 
0.7800 18.67 
0.7900 20.31 
0.8000 8 
0.8100 13.50 
0.8200 16.32 
0.8300 18.56 
0.8400 20.46 
0.8500 22.15 
0.8600 23.72 
0.8700 25.82 
0.8800 27.03 
0.8900 1 
0.9000 11.58 
0.9100 14.08 
0.9200 17.90 
0.9300 19.76 
0.9400 20.60 
0.9500 22.28 
0.9600 10.68 
0.9700 11.49 
0.9800 15.24 
0.9900 7 
1.0000 8.125 
1.0100 8.125 
1.0200 8.125 
1.0300 8.125 
1.0400 8.125 
1.0500 8.125 
1.0600 8.125 
1.0700 8.125 
1.0800 8.125 
1.0900 8.125 
1.1000 8.125 
1.1100 8.125 
1.1200 8.125 
1.1300 8.125 
1.1400 8.125 
1.1500 8.125 
1.1600 8.125 
1.1700 8.125 
1.1800 8.125 
1.1900 8.125 
1.2000 4.920 
1.2100 8.411 
1.2200 12.12 
1.2300 15.01 
1.2400 17.81 
1.2500 19.53 
1.2600 8 
1.2700 12.38 
1.2800 15.21 
1.2900 18.04 
1.3000 9.542 
1.3100 12.30 
1.3200 15.15 
1.3300 17.07 
1.3400 19.69 
1.3500 20.58 
1.3600 10.68 
1.3700 14.43 
1.3800 16.32 
1.3900 19.20 
1.4000 20.06 
1.4100 21.08 
1.4200 10.68 
1.4300 13.42 
1.4400 16.26 
1.4500 9.062 
1.4600 9.705 
1.4700 5.688 
1.4800 9.319 
1.4900 12.12 
1.5000 15.27 
1.5100 17.81 
1.5200 19.53 
1.5300 9.750 
1.5400 12.46 
1.5500 15.47 
1.5600 18.26 
1.5700 19.17 
1.5800 20.44 
1.5900 4 
1.6000 11.14 
1.6100 6.328 
1.6200 3.908 
1.6300 6.619 
1.6400 10.30 
1.6500 1 
1.6600 8.506 
1.6700 12.19 
1.6800 15.06 
1.6900 17.91 
1.7000 19.26 
1.7100 2 
1.7200 11.49 
1.7300 14.29 
1.7400 17.16 
1.7500 19.14 
1.7600 20.11 
1.7700 21.65 
1.7800 23.08 
1.7900 4 
1.8000 11.23 
1.8100 14.08 
1.8200 16.98 
1.8300 9.281 
1.8400 11.32 
1.8500 7.362 
1.8600 11.25 
1.8700 14.10 
1.8800 17.00 
1.8900 2 
1.9000 9.281 
1.9100 5.507 
1.9200 10.04 
1.9300 12.85 
1.9400 1 
1.9500 9.234 
1.9600 13.02 
1.9700 15.80 
1.9800 17.66 
1.9900 19.49 
0.01 2 
0.02 2 
0.0299 2 
0.0400 2 
0.0500 2 
0.0600 2 
0.0700 2 
0.0800 2 
0.0899 2 
0.0999 2 
0.1099 2 
0.1199 2 
0.1299 2 
0.1399 2 
0.1499 2 
0.16 2 
0.1700 2 
0.1800 2 
0.1900 2 
0.2000 2 
0.2100 1 
0.2200 2.9 
0.2300 3.553 
0.2400 4.569 
0.2500 4.569 
0.2600 4.569 
0.2700 4.569 
0.2800 4.569 
0.2900 4.569 
0.3000 4.569 
0.3100 4.569 
0.3200 4.569 
0.3300 4.569 
0.3400 4.569 
0.3500 4.569 
0.3600 4.569 
0.3700 4.569 
0.3800 4.569 
0.3900 4.569 
0.4000 4.569 
0.4100 4.569 
0.4200 4.569 
0.4300 4.569 
0.4400 6.097 
0.4500 11.48 
0.4600 3 
0.4700 10.16 
0.4800 14.89 
0.4900 18.54 
0.5000 21.21 
0.5100 24.37 
0.5200 12.09 
0.5300 16.80 
0.5400 9.542 
0.5500 6.422 
0.5600 11.39 
0.5700 16.13 
0.5800 19.03 
0.5900 22.41 
0.6000 24.62 
0.6100 26.80 
0.6200 10.19 
0.6300 14.98 
0.6400 18.61 
0.6500 8 
0.6600 15.24 
0.6700 18.99 
0.6800 22.28 
0.6900 24.51 
0.7000 27.14 
0.7100 28.86 
0.7200 31.25 
0.7300 11.31 
0.7400 16.07 
0.7500 4 
0.7600 13.39 
0.7700 18.10 
0.7800 8 
0.7900 13.76 
0.8000 1 
0.8100 10.24 
0.8200 15.01 
0.8300 18.69 
0.8400 22.26 
0.8500 10.95 
0.8600 7.762 
0.8700 12.27 
0.8800 17.06 
0.8900 19.72 
0.9000 22.34 
0.9100 24.56 
0.9200 11.04 
0.9300 11.04 
0.9400 11.04 
0.9500 11.04 
0.9600 11.04 
0.9700 11.04 
0.9800 11.04 
0.9900 11.04 
1.0000 11.04 
1.0100 11.04 
1.0200 11.04 
1.0300 11.04 
1.0400 11.04 
1.0500 11.04 
1.0600 11.04 
1.0700 11.04 
1.0800 11.04 
1.0900 11.04 
1.1000 11.04 
1.1100 11.04 
1.1200 2 
1.1300 9.361 
1.1400 15.03 
1.1500 18.00 
1.1600 21.36 
1.1700 23.67 
1.1800 26.39 
1.1900 7 
1.2000 14.22 
1.2100 18.07 
1.2200 20.80 
1.2300 24.01 
1.2400 26.85 
1.2500 29.41 
1.2600 10.68 
1.2700 14.50 
1.2800 18.23 
1.2900 20.46 
1.3000 22.15 
1.3100 10 
1.3200 14.29 
1.3300 10.40 
1.3400 15.18 
1.3500 18.67 
1.3600 21.56 
1.3700 24.02 
1.3800 11.04 
1.3900 15.69 
1.4000 19.35 
1.4100 22.42 
1.4200 24.79 
1.4300 11.04 
1.4400 14.08 
1.4500 10.16 
1.4600 14.89 
1.4700 9.014 
1.4800 13.55 
1.4900 17.37 
1.5000 20.20 
1.5100 22.80 
1.5200 25.77 
1.5300 28.04 
1.5400 29.84 
1.5500 31.53 
1.5600 10.77 
1.5700 14.36 
1.5800 18.12 
1.5900 21.60 
1.6000 11.14 
1.6100 15.88 
1.6200 18.61 
1.6300 21.18 
1.6400 23.51 
1.6500 25.78 
1.6600 27.55 
1.6700 29.64 
1.6800 31.98 
1.6900 5 
1.7000 14.01 
1.7100 17.73 
1.7200 21.23 
1.7300 2 
1.7400 13.64 
1.7500 16.01 
1.7600 10.59 
1.7700 14.51 
1.7800 18.24 
1.7900 20.61 
1.8000 11.04 
1.8100 8.575 
1.8200 1 
1.8300 9.511 
1.8400 14.17 
1.8500 18.89 
1.8600 20.76 
1.8700 23.65 
1.8800 4 
1.8900 2 
1.9000 9.389 
1.9100 8.807 
1.9200 14.35 
1.9300 18.11 
1.9400 20.65 
1.9500 23.20 
1.9600 26.08 
1.9700 11.04 
1.9800 15.11 
1.9900 18.18 
0.01 8 
0.02 17 
0.0299 1 
0.0400 8 
0.0500 8 
0.0600 8 
0.0700 8 
0.0800 8 
0.0899 8 
0.0999 8 
0.1099 8 
0.1199 8 
0.1299 8 
0.1399 8 
0.1499 8 
0.16 8 
0.1700 8 
0.1800 8 
0.1900 8 
0.2000 8 
0.2100 8 
0.2200 8 
0.2300 8 
0.2400 2 
0.2500 2 
0.2600 2 
0.2700 2 
0.2800 2 
0.2900 2 
0.3000 2 
0.3100 2 
0.3200 2 
0.3300 2 
0.3400 2 
0.3500 2 
0.3600 2 
0.3700 2 
0.3800 2 
0.3900 2 
0.4000 2 
0.4100 2 
0.4200 2 
0.4300 2 
0.4400 2 
0.4500 2 
0.4600 2 
0.4700 2 
0.4800 2 
0.4900 2 
0.5000 2 
0.5100 2 
0.5200 2 
0.5300 2 
0.5400 2 
0.5500 2 
0.5600 2 
0.5700 2 
0.5800 2 
0.5900 2 
0.6000 2 
0.6100 2 
0.6200 2 
0.6300 2 
0.6400 3.553 
0.6500 9.676 
0.6600 14.28 
0.6700 18.92 
0.6800 9.750 
0.6900 14.33 
0.7000 17.99 
0.7100 21.44 
0.7200 24.77 
0.7300 26.19 
0.7400 11.14 
0.7500 15.88 
0.7600 19.71 
0.7700 22.19 
0.7800 25.07 
0.7900 10.68 
0.8000 14.36 
0.8100 18.12 
0.8200 21.60 
0.8300 24.55 
0.8400 26.55 
0.8500 11.31 
0.8600 15.57 
0.8700 19.61 
0.8800 11.31 
0.8900 6.486 
0.9000 12.19 
0.9100 16.03 
0.9200 19.67 
0.9300 22.87 
0.9400 25.48 
0.9500 27.59 
0.9600 30.09 
0.9700 32.27 
0.9800 34.43 
0.9900 36.02 
1.0000 37.97 
1.0100 39.31 
1.0200 41.10 
1.0300 42.40 
1.0400 43.81 
1.0500 45.07 
1.0600 46.21 
1.0700 48.08 
1.0800 49.23 
1.0900 50.51 
1.1000 51.92 
1.1100 53.21 
1.1200 54.27 
1.1300 55.51 
1.1400 56.44 
1.1500 57.62 
1.1600 12.65 
1.1700 16.62 
1.1800 1 
1.1900 1 
1.2000 1 
1.2100 1 
1.2200 1 
1.2300 1 
1.2400 1 
1.2500 1 
1.2600 1 
1.2700 1 
1.2800 1 
1.2900 1 
1.3000 1 
1.3100 1 
1.3200 1 
1.3300 1 
1.3400 1 
1.3500 1 
1.3600 1 
1.3700 1 
1.3800 6.097 
1.3900 12.40 
1.4000 3 
1.4100 11.37 
1.4200 16.11 
1.4300 18.92 
1.4400 21.45 
1.4500 24.74 
1.4600 27.35 
1.4700 29.73 
1.4800 32.07 
1.4900 34.24 
1.5000 11.04 
1.5100 11.04 
1.5200 11.04 
1.5300 11.04 
1.5400 11.04 
1.5500 11.04 
1.5600 11.04 
1.5700 11.04 
1.5800 11.04 
1.5900 11.04 
1.6000 11.04 
1.6100 11.04 
1.6200 11.04 
1.6300 11.04 
1.6400 11.04 
1.6500 11.04 
1.6600 11.04 
1.6700 11.04 
1.6800 11.04 
1.6900 11.04 
1.7000 7.306 
1.7100 12.88 
1.7200 17.50 
1.7300 20.89 
1.7400 23.42 
1.7500 2 
1.7600 13.04 
1.7700 10.41 
1.7800 15.13 
1.7900 18.89 
1.8000 21.43 
1.8100 2 
1.8200 9.251 
1.8300 14.00 
1.8400 18.60 
1.8500 21.22 
1.8600 12.41 
1.8700 16.20 
1.8800 19.91 
1.8900 8 
1.9000 14.29 
1.9100 18.07 
1.9200 9.853 
1.9300 13.76 
1.9400 17.54 
1.9500 20.92 
1.9600 23.62 
1.9700 11.04 
1.9800 4 
1.9900 12.63 
0.01 11 
0.02 11 
0.0299 1 
0.0400 2 
0.0500 8 
0.0600 10.68 
0.0700 11.66 
0.0800 11.66 
0.0899 11.66 
0.0999 11.66 
0.1099 11.66 
0.1199 11.66 
0.1299 11.66 
0.1399 11.66 
0.1499 11.66 
0.16 11.66 
0.1700 11.66 
0.1800 11.66 
0.1900 11.66 
0.2000 11.66 
0.2100 11.66 
0.2200 11.66 
0.2300 11.66 
0.2400 11.66 
0.2500 11.66 
0.2600 11.66 
0.2700 2 
0.2800 2 
0.2900 2 
0.3000 2 
0.3100 2 
0.3200 2 
0.3300 2 
0.3400 2 
0.3500 2 
0.3600 2 
0.3700 2 
0.3800 2 
0.3900 2 
0.4000 2 
0.4100 2 
0.4200 2 
0.4300 2 
0.4400 2 
0.4500 2 
0.4600 2 
0.4700 2 
0.4800 2 
0.4900 2 
0.5000 2 
0.5100 2 
0.5200 2 
0.5300 2 
0.5400 2 
0.5500 2 
0.5600 2 
0.5700 2 
0.5800 2 
0.5900 2 
0.6000 2 
0.6100 2 
0.6200 2 
0.6300 2 
0.6400 2 
0.6500 2 
0.6600 2 
0.6700 4.339 
0.6800 11.48 
0.6900 16.19 
0.7000 19.85 
0.7100 22.63 
0.7200 24.91 
0.7300 27.06 
0.7400 13.04 
0.7500 17.73 
0.7600 20.36 
0.7700 23.47 
0.7800 11.31 
0.7900 16.20 
0.8000 19.76 
0.8100 23.08 
0.8200 25.55 
0.8300 11.14 
0.8400 15.88 
0.8500 19.51 
0.8600 22.73 
0.8700 25.70 
0.8800 28.23 
0.8900 30.28 
0.9000 32.45 
0.9100 34.01 
0.9200 35.99 
0.9300 37.78 
0.9400 39.33 
0.9500 11.14 
0.9600 15.88 
0.9700 18.72 
0.9800 22.60 
0.9900 25.27 
1.0000 27.40 
1.0100 29.81 
1.0200 31.64 
1.0300 33.36 
1.0400 35.45 
1.0500 1 
1.0600 13.04 
1.0700 17.73 
1.0800 20.41 
1.0900 23.51 
1.1000 26.21 
1.1100 28.12 
1.1200 30.96 
1.1300 32.72 
1.1400 34.39 
1.1500 1 
1.1600 13.35 
1.1700 17.39 
1.1800 4 
1.1900 14.33 
1.2000 18.10 
1.2100 21.35 
1.2200 23.83 
1.2300 26.53 
1.2400 28.84 
1.2500 29.73 
1.2600 12.17 
1.2700 16.98 
1.2800 20.36 
1.2900 22.77 
1.3000 24.79 
1.3100 1 
1.3200 13.04 
1.3300 16.62 
1.3400 20.16 
1.3500 22.64 
1.3600 25.07 
1.3700 27.36 
1.3800 29.75 
1.3900 31.70 
1.4000 33.42 
1.4100 35.51 
1.4200 37.16 
1.4300 39.05 
1.4400 40.44 
1.4500 11.49 
1.4600 16.20 
1.4700 19.86 
1.4800 22.46 
1.4900 11.14 
1.5000 16.01 
1.5100 19.61 
1.5200 21.97 
1.5300 24.39 
1.5400 27.33 
1.5500 29.44 
1.5600 31.48 
1.5700 33.45 
1.5800 35.54 
1.5900 37.51 
1.6000 39.28 
1.6100 40.48 
1.6200 42.15 
1.6300 43.83 
1.6400 45.20 
1.6500 46.68 
1.6600 47.93 
1.6700 49.37 
1.6800 11.04 
1.6900 14.98 
1.7000 19.25 
1.7100 21.83 
1.7200 24.18 
1.7300 26.81 
1.7400 28.37 
1.7500 30.28 
1.7600 33.06 
1.7700 34.86 
1.7800 36.86 
1.7900 38.66 
1.8000 40.14 
1.8100 41.68 
1.8200 43.28 
1.8300 44.55 
1.8400 46.14 
1.8500 47.42 
1.8600 48.38 
1.8700 49.77 
1.8800 51.12 
1.8900 52.20 
1.9000 53.41 
1.9100 55.04 
1.9200 56.33 
1.9300 57.25 
1.9400 58.70 
1.9500 59.84 
1.9600 60.71 
1.9700 61.69 
1.9800 62.67 
1.9900 63.99 
0.01 8 
0.02 16 
0.0299 4 
0.0400 8.248 
0.0500 9.062 
0.0600 9.062 
0.0700 9.062 
0.0800 9.062 
0.0899 9.062 
0.0999 9.062 
0.1099 9.062 
0.1199 9.062 
0.1299 9.062 
0.1399 9.062 
0.1499 9.062 
0.16 9.062 
0.1700 9.062 
0.1800 9.062 
0.1900 9.062 
0.2000 9.062 
0.2100 9.062 
0.2200 9.062 
0.2300 9.062 
0.2400 9.062 
0.2500 1 
0.2600 1 
0.2700 1 
0.2800 1 
0.2900 1 
0.3000 1 
0.3100 1 
0.3200 1 
0.3300 1 
0.3400 1 
0.3500 1 
0.3600 1 
0.3700 1 
0.3800 1 
0.3900 1 
0.4000 1 
0.4100 1 
0.4200 1 
0.4300 1 
0.4400 1 
0.4500 1 
0.4600 1 
0.4700 1 
0.4800 1 
0.4900 1 
0.5000 1 
0.5100 1 
0.5200 1 
0.5300 1 
0.5400 1 
0.5500 1 
0.5600 1 
0.5700 1 
0.5800 1 
0.5900 1 
0.6000 1 
0.6100 1 
0.6200 1 
0.6300 1 
0.6400 1 
0.6500 5.197 
0.6600 6.143 
0.6700 11.59 
0.6800 16.27 
0.6900 19.20 
0.7000 21.61 
0.7100 11.04 
0.7200 14.57 
0.7300 18.34 
0.7400 4 
0.7500 13.35 
0.7600 17.96 
0.7700 20.65 
0.7800 22.51 
0.7900 1 
0.8000 11.58 
0.8100 16.26 
0.8200 18.18 
0.8300 4 
0.8400 13.35 
0.8500 6 
0.8600 6.034 
0.8700 6.143 
0.8800 5.123 
0.8900 5.123 
0.9000 5.123 
0.9100 5.123 
0.9200 5.123 
0.9300 5.123 
0.9400 5.123 
0.9500 5.123 
0.9600 5.123 
0.9700 5.123 
0.9800 5.123 
0.9900 5.123 
1.0000 5.123 
1.0100 5.123 
1.0200 5.123 
1.0300 5.123 
1.0400 5.123 
1.0500 5.123 
1.0600 5.123 
1.0700 5.123 
1.0800 1 
1.0900 8.090 
1.1000 10.94 
1.1100 9.143 
1.1200 1 
1.1300 8.143 
1.1400 12.75 
1.1500 7.224 
1.1600 12.75 
1.1700 2 
1.1800 10.65 
1.1900 13.40 
1.2000 8.265 
1.2100 5.392 
1.2200 10.37 
1.2300 7.306 
1.2400 11.99 
1.2500 2.9 
1.2600 9.031 
1.2700 14.49 
1.2800 17.32 
1.2900 19.19 
1.3000 10.35 
1.3100 13.69 
1.3200 17.48 
1.3300 9.853 
1.3400 10.25 
1.3500 10.25 
1.3600 10.25 
1.3700 10.25 
1.3800 10.25 
1.3900 10.25 
1.4000 10.25 
1.4100 10.25 
1.4200 10.25 
1.4300 10.25 
1.4400 10.25 
1.4500 10.25 
1.4600 10.25 
1.4700 10.25 
1.4800 10.25 
1.4900 10.25 
1.5000 10.25 
1.5100 10.25 
1.5200 10.25 
1.5300 10.25 
1.5400 8.216 
1.5500 12.07 
1.5600 16.55 
1.5700 10.40 
1.5800 8.337 
1.5900 1 
1.6000 8.807 
1.6100 4.164 
1.6200 4.404 
1.6300 10.11 
1.6400 12.01 
1.6500 6.640 
1.6600 5.577 
1.6700 5.577 
1.6800 5.577 
1.6900 5.577 
1.7000 5.577 
1.7100 5.577 
1.7200 5.577 
1.7300 5.577 
1.7400 5.577 
1.7500 5.577 
1.7600 5.577 
1.7700 5.577 
1.7800 5.577 
1.7900 5.577 
1.8000 5.577 
1.8100 5.577 
1.8200 5.577 
1.8300 5.577 
1.8400 5.577 
1.8500 5.577 
1.8600 1 
1.8700 8.806 
1.8800 5.319 
1.8900 10.04 
1.9000 5.392 
1.9100 5.975 
1.9200 8.125 
1.9300 5.577 
1.9400 10.18 
1.9500 7.362 
1.9600 11.25 
1.9700 9.468 
1.9800 5.2 
1.9900 5.975 
