0.01 8 
0.02 8 
0.0299 8 
0.0400 8 
0.0500 8 
0.0600 8 
0.0700 8 
0.0800 8 
0.0899 8 
0.0999 8 
0.1099 8 
0.1199 8 
0.1299 8 
0.1399 8 
0.1499 8 
0.16 8 
0.1700 8 
0.1800 8 
0.1900 8 
0.2000 8 
0.2100 8 
0.2200 8 
0.2300 8 
0.2400 8 
0.2500 8 
0.2600 8 
0.2700 8 
0.2800 8 
0.2900 8 
0.3000 8 
0.3100 8 
0.3200 8 
0.3300 8 
0.3400 8 
0.3500 8 
0.3600 8 
0.3700 8 
0.3800 8 
0.3900 8 
0.4000 8 
0.4100 8 
0.4200 8 
0.4300 8 
0.4400 8 
0.4500 8 
0.4600 8 
0.4700 8 
0.4800 8 
0.4900 8 
0.5000 8 
0.5100 8 
0.5200 8 
0.5300 8 
0.5400 8 
0.5500 8 
0.5600 8 
0.5700 8 
0.5800 8 
0.5900 8 
0.6000 8 
0.6100 8 
0.6200 8 
0.6300 8 
0.6400 8 
0.6500 8 
0.6600 8 
0.6700 8 
0.6800 8 
0.6900 8 
0.7000 8 
0.7100 8 
0.7200 8 
0.7300 8 
0.7400 8 
0.7500 8 
0.7600 8 
0.7700 8 
0.7800 8 
0.7900 8 
0.8000 8 
0.8100 8 
0.8200 8 
0.8300 8 
0.8400 8 
0.8500 8 
0.8600 8 
0.8700 8 
0.8800 8 
0.8900 8 
0.9000 8 
0.9100 8 
0.9200 8 
0.9300 8 
0.9400 8 
0.9500 8 
0.9600 8 
0.9700 8 
0.9800 8 
0.9900 8 
1.0000 8 
1.0100 8 
1.0200 8 
1.0300 8 
1.0400 8 
1.0500 8 
1.0600 8 
1.0700 8 
1.0800 8 
1.0900 8 
1.1000 8 
1.1100 8 
1.1200 8 
1.1300 8 
1.1400 8 
1.1500 8 
1.1600 8 
1.1700 8 
1.1800 8 
1.1900 8 
1.2000 8 
1.2100 8 
1.2200 8 
1.2300 8 
1.2400 8 
1.2500 8 
1.2600 8 
1.2700 8 
1.2800 8 
1.2900 8 
1.3000 8 
1.3100 8 
1.3200 8 
1.3300 8 
1.3400 8 
1.3500 8 
1.3600 8 
1.3700 8 
1.3800 8 
1.3900 8 
1.4000 8 
1.4100 8 
1.4200 8 
1.4300 8 
1.4400 8 
1.4500 8 
1.4600 8 
1.4700 8 
1.4800 8 
1.4900 8 
1.5000 8 
1.5100 8 
1.5200 8 
1.5300 8 
1.5400 8 
1.5500 8 
1.5600 8 
1.5700 8 
1.5800 8 
1.5900 8 
1.6000 8 
1.6100 8 
1.6200 8 
1.6300 8 
1.6400 8 
1.6500 8 
1.6600 8 
1.6700 8 
1.6800 8 
1.6900 8 
1.7000 8 
1.7100 8 
1.7200 8 
1.7300 8 
1.7400 8 
1.7500 8 
1.7600 8 
1.7700 8 
1.7800 8 
1.7900 8 
1.8000 8 
1.8100 8 
1.8200 8 
1.8300 8 
1.8400 8 
1.8500 8 
1.8600 8 
1.8700 8 
1.8800 8 
1.8900 8 
1.9000 8 
1.9100 8 
1.9200 8 
1.9300 8 
1.9400 8 
1.9500 8 
1.9600 8 
1.9700 8 
1.9800 8 
1.9900 8 
2.0000 8 
2.0100 8 
2.0200 8 
2.0300 8 
2.0400 8 
2.0500 8 
2.0600 8 
2.0699 8 
2.0799 8 
2.0899 8 
2.0999 8 
2.1099 8 
2.1199 8 
2.1299 8 
2.1399 8 
2.1499 8 
2.1599 8 
2.1699 8 
2.1799 8 
2.1899 8 
2.1999 8 
2.2099 8 
2.2199 8 
2.2299 8 
2.2399 8 
2.2499 8 
2.2599 8 
2.2699 8 
2.2799 8 
2.2899 8 
2.2999 8 
2.3099 8 
2.3199 8 
2.3299 8 
2.3399 8 
2.3499 8 
2.3599 8 
2.3699 8 
2.3799 8 
2.3899 8 
2.3999 8 
2.4099 8 
2.4199 8 
2.4299 8 
2.4399 8 
2.4499 8 
2.4599 8 
2.4699 8 
2.4799 8 
2.4899 8 
2.4999 8 
2.5099 8 
2.5199 8 
2.5299 8 
2.5399 8 
2.5499 8 
2.5599 8 
2.5699 8 
2.5799 8 
2.5899 8 
2.5999 8 
2.6099 8 
2.6199 8 
2.6299 8 
2.6399 8 
2.6499 8 
2.6599 8 
2.6699 8 
2.6799 8 
2.6899 8 
2.6999 8 
2.7099 8 
2.7199 8 
2.7299 8 
2.7399 8 
2.7499 8 
2.7599 8 
2.7699 8 
2.7799 8 
2.7899 8 
2.7999 8 
2.8099 8 
2.8199 8 
2.8299 8 
2.8399 8 
2.8499 8 
2.8599 8 
2.8699 8 
2.8799 8 
2.8899 8 
2.8999 8 
2.9099 8 
2.9199 8 
2.9299 8 
2.9399 8 
2.9499 8 
2.9599 8 
2.9699 8 
2.9799 8 
2.9899 8 
2.9999 8 
3.0099 8 
3.0199 8 
3.0299 0 
3.0399 0 
3.0499 0 
3.0599 0 
3.0699 0 
3.0799 0 
3.0899 0 
3.0999 0 
3.1099 0 
3.1199 0 
3.1299 0 
3.1399 0 
3.1499 0 
3.1599 0 
3.1699 0 
3.1799 0 
3.1899 0 
3.1999 0 
3.2099 0 
3.2199 0 
3.2299 0 
3.2399 0 
3.2499 0 
3.2599 0 
3.2699 0 
3.2799 0 
3.2899 0 
3.2999 0 
3.3099 0 
3.3199 0 
3.3299 0 
3.3399 0 
3.3499 0 
3.3599 0 
3.3699 0 
3.3799 0 
3.3899 0 
3.3999 0 
3.4099 0 
3.4199 0 
3.4299 0 
3.4399 0 
3.4499 0 
3.4599 0 
3.4699 0 
3.4799 0 
3.4899 0 
3.4999 0 
3.5099 0 
3.5199 0 
3.5299 0 
3.5399 0 
3.5499 0 
3.5599 0 
3.5699 0 
3.5799 0 
3.5899 0 
3.5999 0 
3.6099 0 
3.6199 0 
3.6299 0 
3.6399 0 
3.6499 0 
3.6599 0 
3.6699 0 
3.6799 0 
3.6899 0 
3.6999 0 
3.7099 0 
3.7199 0 
3.7299 0 
3.7399 0 
3.7499 0 
3.7599 0 
3.7699 0 
3.7799 0 
3.7899 0 
3.7999 0 
3.8099 0 
3.8199 0 
3.8299 0 
3.8399 0 
3.8499 0 
3.8599 0 
3.8699 0 
3.8799 0 
3.8899 0 
3.8999 0 
3.9099 0 
3.9199 0 
3.9299 0 
3.9399 0 
3.9499 0 
3.9599 0 
3.9699 0 
3.9799 0 
3.9899 0 
3.9999 0 
4.0099 0 
4.0199 0 
4.0299 0 
4.0399 0 
4.0499 0 
4.0599 0 
4.0699 0 
4.0799 0 
4.0899 0 
4.0999 0 
4.1099 0 
4.1199 0 
4.1299 0 
4.1399 0 
4.1499 0 
4.1599 0 
4.1699 0 
4.1799 0 
4.1899 0 
4.1999 0 
4.2099 0 
4.2199 0 
4.2299 0 
4.2399 0 
4.2499 0 
4.2599 0 
4.2699 0 
4.2799 0 
4.2899 0 
4.2999 0 
4.3099 0 
4.3199 0 
4.3299 0 
4.3399 0 
4.3499 0 
4.3599 0 
4.3699 0 
4.3799 0 
4.3899 0 
4.3999 0 
4.4099 0 
4.4199 0 
4.4299 0 
4.4399 0 
4.4499 0 
4.4599 0 
4.4699 0 
4.4799 0 
4.4899 0 
4.4999 0 
4.5099 0 
4.5199 0 
4.5299 0 
4.5399 0 
4.5499 0 
4.5599 0 
4.5699 0 
4.5799 0 
4.5899 0 
4.5999 0 
4.6099 0 
4.6199 0 
4.6299 0 
4.6399 0 
4.6499 0 
4.6599 0 
4.6699 0 
4.6799 0 
4.6899 0 
4.6999 0 
4.7099 0 
4.7199 0 
4.7299 0 
4.7399 0 
4.7499 0 
4.7599 0 
4.7699 0 
4.7799 0 
4.7899 0 
4.7999 0 
4.8099 0 
4.8199 0 
4.8299 0 
4.8399 0 
4.8499 0 
4.8599 0 
4.8699 0 
4.8799 0 
4.8899 0 
4.8999 0 
4.9099 0 
4.9199 0 
4.9299 0 
4.9399 0 
4.9499 0 
4.9599 0 
4.9699 0 
4.9799 0 
4.9899 0 
4.9999 0 
0.01 8 
0.02 8 
0.0299 8 
0.0400 8 
0.0500 8 
0.0600 8 
0.0700 8 
0.0800 8 
0.0899 8 
0.0999 8 
0.1099 8 
0.1199 8 
0.1299 8 
0.1399 8 
0.1499 8 
0.16 8 
0.1700 8 
0.1800 8 
0.1900 8 
0.2000 8 
0.2100 8 
0.2200 8 
0.2300 8 
0.2400 8 
0.2500 8 
0.2600 8 
0.2700 8 
0.2800 8 
0.2900 8 
0.3000 8 
0.3100 8 
0.3200 8 
0.3300 8 
0.3400 8 
0.3500 8 
0.3600 8 
0.3700 8 
0.3800 8 
0.3900 8 
0.4000 8 
0.4100 8 
0.4200 8 
0.4300 8 
0.4400 8 
0.4500 8 
0.4600 8 
0.4700 8 
0.4800 8 
0.4900 8 
0.5000 8 
0.5100 8 
0.5200 8 
0.5300 8 
0.5400 8 
0.5500 8 
0.5600 8 
0.5700 8 
0.5800 8 
0.5900 8 
0.6000 8 
0.6100 8 
0.6200 8 
0.6300 8 
0.6400 8 
0.6500 8 
0.6600 8 
0.6700 8 
0.6800 8 
0.6900 8 
0.7000 8 
0.7100 8 
0.7200 8 
0.7300 8 
0.7400 8 
0.7500 8 
0.7600 8 
0.7700 8 
0.7800 8 
0.7900 8 
0.8000 8 
0.8100 8 
0.8200 8 
0.8300 8 
0.8400 8 
0.8500 8 
0.8600 8 
0.8700 8 
0.8800 8 
0.8900 8 
0.9000 8 
0.9100 8 
0.9200 8 
0.9300 8 
0.9400 8 
0.9500 8 
0.9600 8 
0.9700 8 
0.9800 8 
0.9900 8 
1.0000 8 
1.0100 8 
1.0200 8 
1.0300 8 
1.0400 8 
1.0500 8 
1.0600 8 
1.0700 8 
1.0800 8 
1.0900 8 
1.1000 8 
1.1100 8 
1.1200 8 
1.1300 8 
1.1400 8 
1.1500 8 
1.1600 8 
1.1700 8 
1.1800 8 
1.1900 8 
1.2000 8 
1.2100 8 
1.2200 8 
1.2300 8 
1.2400 8 
1.2500 8 
1.2600 8 
1.2700 8 
1.2800 8 
1.2900 8 
1.3000 8 
1.3100 8 
1.3200 8 
1.3300 8 
1.3400 8 
1.3500 8 
1.3600 8 
1.3700 8 
1.3800 8 
1.3900 8 
1.4000 8 
1.4100 8 
1.4200 8 
1.4300 8 
1.4400 8 
1.4500 8 
1.4600 8 
1.4700 8 
1.4800 8 
1.4900 8 
1.5000 8 
1.5100 8 
1.5200 8 
1.5300 8 
1.5400 8 
1.5500 8 
1.5600 8 
1.5700 8 
1.5800 8 
1.5900 8 
1.6000 8 
1.6100 8 
1.6200 8 
1.6300 8 
1.6400 8 
1.6500 8 
1.6600 8 
1.6700 8 
1.6800 8 
1.6900 8 
1.7000 8 
1.7100 8 
1.7200 8 
1.7300 8 
1.7400 8 
1.7500 8 
1.7600 8 
1.7700 8 
1.7800 8 
1.7900 8 
1.8000 8 
1.8100 8 
1.8200 8 
1.8300 8 
1.8400 8 
1.8500 8 
1.8600 8 
1.8700 8 
1.8800 8 
1.8900 8 
1.9000 8 
1.9100 8 
1.9200 8 
1.9300 8 
1.9400 8 
1.9500 8 
1.9600 8 
1.9700 8 
1.9800 8 
1.9900 8 
0.01 8 
0.02 8 
0.0299 8 
0.0400 8 
0.0500 8 
0.0600 8 
0.0700 8 
0.0800 8 
0.0899 8 
0.0999 8 
0.1099 8 
0.1199 8 
0.1299 8 
0.1399 8 
0.1499 8 
0.16 8 
0.1700 8 
0.1800 8 
0.1900 8 
0.2000 8 
0.2100 8 
0.2200 8 
0.2300 8 
0.2400 8 
0.2500 8 
0.2600 8 
0.2700 8 
0.2800 8 
0.2900 8 
0.3000 8 
0.3100 8 
0.3200 8 
0.3300 8 
0.3400 8 
0.3500 8 
0.3600 8 
0.3700 8 
0.3800 8 
0.3900 8 
0.4000 8 
0.4100 8 
0.4200 8 
0.4300 8 
0.4400 8 
0.4500 8 
0.4600 8 
0.4700 8 
0.4800 8 
0.4900 8 
0.5000 8 
0.5100 8 
0.5200 8 
0.5300 8 
0.5400 8 
0.5500 8 
0.5600 8 
0.5700 8 
0.5800 8 
0.5900 8 
0.6000 8 
0.6100 8 
0.6200 8 
0.6300 8 
0.6400 8 
0.6500 8 
0.6600 8 
0.6700 8 
0.6800 8 
0.6900 8 
0.7000 8 
0.7100 8 
0.7200 8 
0.7300 8 
0.7400 8 
0.7500 8 
0.7600 8 
0.7700 8 
0.7800 8 
0.7900 8 
0.8000 8 
0.8100 8 
0.8200 8 
0.8300 8 
0.8400 8 
0.8500 8 
0.8600 8 
0.8700 8 
0.8800 8 
0.8900 8 
0.9000 8 
0.9100 8 
0.9200 8 
0.9300 8 
0.9400 8 
0.9500 8 
0.9600 8 
0.9700 8 
0.9800 8 
0.9900 8 
1.0000 8 
1.0100 8 
1.0200 8 
1.0300 8 
1.0400 8 
1.0500 8 
1.0600 8 
1.0700 8 
1.0800 8 
1.0900 8 
1.1000 8 
1.1100 8 
1.1200 8 
1.1300 8 
1.1400 8 
1.1500 8 
1.1600 8 
1.1700 8 
1.1800 8 
1.1900 8 
1.2000 8 
1.2100 8 
1.2200 8 
1.2300 8 
1.2400 8 
1.2500 8 
1.2600 8 
1.2700 8 
1.2800 8 
1.2900 8 
1.3000 8 
1.3100 8 
1.3200 8 
1.3300 8 
1.3400 8 
1.3500 8 
1.3600 8 
1.3700 8 
1.3800 8 
1.3900 8 
1.4000 8 
1.4100 8 
1.4200 8 
1.4300 8 
1.4400 8 
1.4500 8 
1.4600 8 
1.4700 8 
1.4800 8 
1.4900 8 
1.5000 8 
1.5100 8 
1.5200 8 
1.5300 8 
1.5400 8 
1.5500 8 
1.5600 8 
1.5700 8 
1.5800 8 
1.5900 8 
1.6000 8 
1.6100 8 
1.6200 8 
1.6300 8 
1.6400 8 
1.6500 8 
1.6600 8 
1.6700 8 
1.6800 8 
1.6900 8 
1.7000 8 
1.7100 8 
1.7200 8 
1.7300 8 
1.7400 8 
1.7500 8 
1.7600 8 
1.7700 8 
1.7800 8 
1.7900 8 
1.8000 8 
1.8100 8 
1.8200 8 
1.8300 8 
1.8400 8 
1.8500 8 
1.8600 8 
1.8700 8 
1.8800 8 
1.8900 8 
1.9000 8 
1.9100 8 
1.9200 8 
1.9300 8 
1.9400 8 
1.9500 8 
1.9600 8 
1.9700 8 
1.9800 8 
1.9900 8 
0.01 8 
0.02 8 
0.0299 8 
0.0400 8 
0.0500 8 
0.0600 8 
0.0700 8 
0.0800 8 
0.0899 8 
0.0999 8 
0.1099 8 
0.1199 8 
0.1299 8 
0.1399 8 
0.1499 8 
0.16 8 
0.1700 8 
0.1800 8 
0.1900 8 
0.2000 8 
0.2100 8 
0.2200 8 
0.2300 8 
0.2400 8 
0.2500 8 
0.2600 8 
0.2700 8 
0.2800 8 
0.2900 8 
0.3000 8 
0.3100 8 
0.3200 8 
0.3300 8 
0.3400 8 
0.3500 8 
0.3600 8 
0.3700 8 
0.3800 8 
0.3900 8 
0.4000 8 
0.4100 8 
0.4200 8 
0.4300 8 
0.4400 8 
0.4500 8 
0.4600 8 
0.4700 8 
0.4800 8 
0.4900 8 
0.5000 8 
0.5100 8 
0.5200 8 
0.5300 8 
0.5400 8 
0.5500 8 
0.5600 8 
0.5700 8 
0.5800 8 
0.5900 8 
0.6000 8 
0.6100 8 
0.6200 8 
0.6300 8 
0.6400 8 
0.6500 8 
0.6600 8 
0.6700 8 
0.6800 8 
0.6900 8 
0.7000 8 
0.7100 8 
0.7200 8 
0.7300 8 
0.7400 8 
0.7500 8 
0.7600 8 
0.7700 8 
0.7800 8 
0.7900 8 
0.8000 8 
0.8100 8 
0.8200 8 
0.8300 8 
0.8400 8 
0.8500 8 
0.8600 8 
0.8700 8 
0.8800 8 
0.8900 8 
0.9000 8 
0.9100 8 
0.9200 8 
0.9300 8 
0.9400 8 
0.9500 8 
0.9600 8 
0.9700 8 
0.9800 8 
0.9900 8 
1.0000 8 
1.0100 8 
1.0200 8 
1.0300 8 
1.0400 8 
1.0500 8 
1.0600 8 
1.0700 8 
1.0800 8 
1.0900 8 
1.1000 8 
1.1100 8 
1.1200 8 
1.1300 8 
1.1400 8 
1.1500 8 
1.1600 8 
1.1700 8 
1.1800 8 
1.1900 8 
1.2000 8 
1.2100 8 
1.2200 8 
1.2300 8 
1.2400 8 
1.2500 8 
1.2600 8 
1.2700 8 
1.2800 8 
1.2900 8 
1.3000 8 
1.3100 8 
1.3200 8 
1.3300 8 
1.3400 8 
1.3500 8 
1.3600 8 
1.3700 8 
1.3800 8 
1.3900 8 
1.4000 8 
1.4100 8 
1.4200 8 
1.4300 8 
1.4400 8 
1.4500 8 
1.4600 8 
1.4700 8 
1.4800 8 
1.4900 8 
1.5000 8 
1.5100 8 
1.5200 8 
1.5300 8 
1.5400 8 
1.5500 8 
1.5600 8 
1.5700 8 
1.5800 8 
1.5900 8 
1.6000 8 
1.6100 8 
1.6200 8 
1.6300 8 
1.6400 8 
1.6500 8 
1.6600 8 
1.6700 8 
1.6800 8 
1.6900 8 
1.7000 8 
1.7100 8 
1.7200 8 
1.7300 8 
1.7400 8 
1.7500 8 
1.7600 8 
1.7700 8 
1.7800 8 
1.7900 8 
1.8000 8 
1.8100 8 
1.8200 8 
1.8300 8 
1.8400 8 
1.8500 8 
1.8600 8 
1.8700 8 
1.8800 8 
1.8900 8 
1.9000 8 
1.9100 8 
1.9200 8 
1.9300 8 
1.9400 8 
1.9500 8 
1.9600 8 
1.9700 8 
1.9800 8 
1.9900 8 
0.01 8 
0.02 8 
0.0299 8 
0.0400 8 
0.0500 8 
0.0600 8 
0.0700 8 
0.0800 8 
0.0899 8 
0.0999 8 
0.1099 8 
0.1199 8 
0.1299 8 
0.1399 8 
0.1499 8 
0.16 8 
0.1700 8 
0.1800 8 
0.1900 8 
0.2000 8 
0.2100 8 
0.2200 8 
0.2300 8 
0.2400 8 
0.2500 8 
0.2600 8 
0.2700 8 
0.2800 8 
0.2900 8 
0.3000 8 
0.3100 8 
0.3200 8 
0.3300 8 
0.3400 8 
0.3500 8 
0.3600 8 
0.3700 8 
0.3800 8 
0.3900 8 
0.4000 8 
0.4100 8 
0.4200 8 
0.4300 8 
0.4400 8 
0.4500 8 
0.4600 8 
0.4700 8 
0.4800 8 
0.4900 8 
0.5000 8 
0.5100 8 
0.5200 8 
0.5300 8 
0.5400 8 
0.5500 8 
0.5600 8 
0.5700 8 
0.5800 8 
0.5900 8 
0.6000 8 
0.6100 8 
0.6200 8 
0.6300 8 
0.6400 8 
0.6500 8 
0.6600 8 
0.6700 8 
0.6800 8 
0.6900 8 
0.7000 8 
0.7100 8 
0.7200 8 
0.7300 8 
0.7400 8 
0.7500 8 
0.7600 8 
0.7700 8 
0.7800 8 
0.7900 8 
0.8000 8 
0.8100 8 
0.8200 8 
0.8300 8 
0.8400 8 
0.8500 8 
0.8600 8 
0.8700 8 
0.8800 8 
0.8900 8 
0.9000 8 
0.9100 8 
0.9200 8 
0.9300 8 
0.9400 8 
0.9500 8 
0.9600 8 
0.9700 8 
0.9800 8 
0.9900 8 
1.0000 8 
1.0100 8 
1.0200 8 
1.0300 8 
1.0400 8 
1.0500 8 
1.0600 8 
1.0700 8 
1.0800 8 
1.0900 8 
1.1000 8 
1.1100 8 
1.1200 8 
1.1300 8 
1.1400 8 
1.1500 8 
1.1600 8 
1.1700 8 
1.1800 8 
1.1900 8 
1.2000 8 
1.2100 8 
1.2200 8 
1.2300 8 
1.2400 8 
1.2500 8 
1.2600 8 
1.2700 8 
1.2800 8 
1.2900 8 
1.3000 8 
1.3100 8 
1.3200 8 
1.3300 8 
1.3400 8 
1.3500 8 
1.3600 8 
1.3700 8 
1.3800 8 
1.3900 8 
1.4000 8 
1.4100 8 
1.4200 8 
1.4300 8 
1.4400 8 
1.4500 8 
1.4600 8 
1.4700 8 
1.4800 8 
1.4900 8 
1.5000 8 
1.5100 8 
1.5200 8 
1.5300 8 
1.5400 8 
1.5500 8 
1.5600 8 
1.5700 8 
1.5800 8 
1.5900 8 
1.6000 8 
1.6100 8 
1.6200 8 
1.6300 8 
1.6400 8 
1.6500 8 
1.6600 8 
1.6700 8 
1.6800 8 
1.6900 8 
1.7000 8 
1.7100 8 
1.7200 8 
1.7300 8 
1.7400 8 
1.7500 8 
1.7600 8 
1.7700 8 
1.7800 8 
1.7900 8 
1.8000 8 
1.8100 8 
1.8200 8 
1.8300 8 
1.8400 8 
1.8500 8 
1.8600 8 
1.8700 8 
1.8800 8 
1.8900 8 
1.9000 8 
1.9100 8 
1.9200 8 
1.9300 8 
1.9400 8 
1.9500 8 
1.9600 8 
1.9700 8 
1.9800 8 
1.9900 8 
0.01 8 
0.02 8 
0.0299 8 
0.0400 8 
0.0500 8 
0.0600 8 
0.0700 8 
0.0800 8 
0.0899 8 
0.0999 8 
0.1099 8 
0.1199 8 
0.1299 8 
0.1399 8 
0.1499 8 
0.16 8 
0.1700 8 
0.1800 8 
0.1900 8 
0.2000 8 
0.2100 8 
0.2200 8 
0.2300 8 
0.2400 8 
0.2500 8 
0.2600 8 
0.2700 8 
0.2800 8 
0.2900 8 
0.3000 8 
0.3100 8 
0.3200 8 
0.3300 8 
0.3400 8 
0.3500 8 
0.3600 8 
0.3700 8 
0.3800 8 
0.3900 8 
0.4000 8 
0.4100 8 
0.4200 8 
0.4300 8 
0.4400 8 
0.4500 8 
0.4600 8 
0.4700 8 
0.4800 8 
0.4900 8 
0.5000 8 
0.5100 8 
0.5200 8 
0.5300 8 
0.5400 8 
0.5500 8 
0.5600 8 
0.5700 8 
0.5800 8 
0.5900 8 
0.6000 8 
0.6100 8 
0.6200 8 
0.6300 8 
0.6400 8 
0.6500 8 
0.6600 8 
0.6700 8 
0.6800 8 
0.6900 8 
0.7000 8 
0.7100 8 
0.7200 8 
0.7300 8 
0.7400 8 
0.7500 8 
0.7600 8 
0.7700 8 
0.7800 8 
0.7900 8 
0.8000 8 
0.8100 8 
0.8200 8 
0.8300 8 
0.8400 8 
0.8500 8 
0.8600 8 
0.8700 8 
0.8800 8 
0.8900 8 
0.9000 8 
0.9100 8 
0.9200 8 
0.9300 8 
0.9400 8 
0.9500 8 
0.9600 8 
0.9700 8 
0.9800 8 
0.9900 8 
1.0000 8 
1.0100 8 
1.0200 8 
1.0300 8 
1.0400 8 
1.0500 8 
1.0600 8 
1.0700 8 
1.0800 8 
1.0900 8 
1.1000 8 
1.1100 8 
1.1200 8 
1.1300 8 
1.1400 8 
1.1500 8 
1.1600 8 
1.1700 8 
1.1800 8 
1.1900 8 
1.2000 8 
1.2100 8 
1.2200 8 
1.2300 8 
1.2400 8 
1.2500 8 
1.2600 8 
1.2700 8 
1.2800 8 
1.2900 8 
1.3000 8 
1.3100 8 
1.3200 8 
1.3300 8 
1.3400 8 
1.3500 8 
1.3600 8 
1.3700 8 
1.3800 8 
1.3900 8 
1.4000 8 
1.4100 8 
1.4200 8 
1.4300 8 
1.4400 8 
1.4500 8 
1.4600 8 
1.4700 8 
1.4800 8 
1.4900 8 
1.5000 8 
1.5100 8 
1.5200 8 
1.5300 8 
1.5400 8 
1.5500 8 
1.5600 8 
1.5700 8 
1.5800 8 
1.5900 8 
1.6000 8 
1.6100 8 
1.6200 8 
1.6300 8 
1.6400 8 
1.6500 8 
1.6600 8 
1.6700 8 
1.6800 8 
1.6900 8 
1.7000 8 
1.7100 8 
1.7200 8 
1.7300 8 
1.7400 8 
1.7500 8 
1.7600 8 
1.7700 8 
1.7800 8 
1.7900 8 
1.8000 8 
1.8100 8 
1.8200 8 
1.8300 8 
1.8400 8 
1.8500 8 
1.8600 8 
1.8700 8 
1.8800 8 
1.8900 8 
1.9000 8 
1.9100 8 
1.9200 8 
1.9300 8 
1.9400 8 
1.9500 8 
1.9600 8 
1.9700 8 
1.9800 8 
1.9900 8 
0.01 8 
0.02 8 
0.0299 8 
0.0400 8 
0.0500 8 
0.0600 8 
0.0700 8 
0.0800 8 
0.0899 8 
0.0999 8 
0.1099 8 
0.1199 8 
0.1299 8 
0.1399 8 
0.1499 8 
0.16 8 
0.1700 8 
0.1800 8 
0.1900 8 
0.2000 8 
0.2100 8 
0.2200 8 
0.2300 8 
0.2400 8 
0.2500 8 
0.2600 8 
0.2700 8 
0.2800 8 
0.2900 8 
0.3000 8 
0.3100 8 
0.3200 8 
0.3300 8 
0.3400 8 
0.3500 8 
0.3600 8 
0.3700 8 
0.3800 8 
0.3900 8 
0.4000 8 
0.4100 8 
0.4200 8 
0.4300 8 
0.4400 8 
0.4500 8 
0.4600 8 
0.4700 8 
0.4800 8 
0.4900 8 
0.5000 8 
0.5100 8 
0.5200 8 
0.5300 8 
0.5400 8 
0.5500 8 
0.5600 8 
0.5700 8 
0.5800 8 
0.5900 8 
0.6000 8 
0.6100 8 
0.6200 8 
0.6300 8 
0.6400 8 
0.6500 8 
0.6600 8 
0.6700 8 
0.6800 8 
0.6900 8 
0.7000 8 
0.7100 8 
0.7200 8 
0.7300 8 
0.7400 8 
0.7500 8 
0.7600 8 
0.7700 8 
0.7800 8 
0.7900 8 
0.8000 8 
0.8100 8 
0.8200 8 
0.8300 8 
0.8400 8 
0.8500 8 
0.8600 8 
0.8700 8 
0.8800 8 
0.8900 8 
0.9000 8 
0.9100 8 
0.9200 8 
0.9300 8 
0.9400 8 
0.9500 8 
0.9600 8 
0.9700 8 
0.9800 8 
0.9900 8 
1.0000 8 
1.0100 8 
1.0200 8 
1.0300 8 
1.0400 8 
1.0500 8 
1.0600 8 
1.0700 8 
1.0800 8 
1.0900 8 
1.1000 8 
1.1100 8 
1.1200 8 
1.1300 8 
1.1400 8 
1.1500 8 
1.1600 8 
1.1700 8 
1.1800 8 
1.1900 8 
1.2000 8 
1.2100 8 
1.2200 8 
1.2300 8 
1.2400 8 
1.2500 8 
1.2600 8 
1.2700 8 
1.2800 8 
1.2900 8 
1.3000 8 
1.3100 8 
1.3200 8 
1.3300 8 
1.3400 8 
1.3500 8 
1.3600 8 
1.3700 8 
1.3800 8 
1.3900 8 
1.4000 8 
1.4100 8 
1.4200 8 
1.4300 8 
1.4400 8 
1.4500 8 
1.4600 8 
1.4700 8 
1.4800 8 
1.4900 8 
1.5000 8 
1.5100 8 
1.5200 8 
1.5300 8 
1.5400 8 
1.5500 8 
1.5600 8 
1.5700 8 
1.5800 8 
1.5900 8 
1.6000 8 
1.6100 8 
1.6200 8 
1.6300 8 
1.6400 8 
1.6500 8 
1.6600 8 
1.6700 8 
1.6800 8 
1.6900 8 
1.7000 8 
1.7100 8 
1.7200 8 
1.7300 8 
1.7400 8 
1.7500 8 
1.7600 8 
1.7700 8 
1.7800 8 
1.7900 8 
1.8000 8 
1.8100 8 
1.8200 8 
1.8300 8 
1.8400 8 
1.8500 8 
1.8600 8 
1.8700 8 
1.8800 8 
1.8900 8 
1.9000 8 
1.9100 8 
1.9200 8 
1.9300 8 
1.9400 8 
1.9500 8 
1.9600 8 
1.9700 8 
1.9800 8 
1.9900 8 
0.01 0 
0.02 8 
0.0299 8 
0.0400 8 
0.0500 8 
0.0600 8 
0.0700 8 
0.0800 8 
0.0899 8 
0.0999 8 
0.1099 8 
0.1199 8 
0.1299 8 
0.1399 8 
0.1499 8 
0.16 8 
0.1700 8 
0.1800 8 
0.1900 8 
0.2000 8 
0.2100 8 
0.2200 8 
0.2300 8 
0.2400 8 
0.2500 8 
0.2600 8 
0.2700 8 
0.2800 8 
0.2900 8 
0.3000 8 
0.3100 8 
0.3200 8 
0.3300 8 
0.3400 8 
0.3500 8 
0.3600 8 
0.3700 8 
0.3800 8 
0.3900 8 
0.4000 8 
0.4100 8 
0.4200 8 
0.4300 8 
0.4400 8 
0.4500 8 
0.4600 8 
0.4700 8 
0.4800 8 
0.4900 8 
0.5000 8 
0.5100 8 
0.5200 8 
0.5300 8 
0.5400 8 
0.5500 8 
0.5600 8 
0.5700 8 
0.5800 8 
0.5900 8 
0.6000 8 
0.6100 8 
0.6200 8 
0.6300 8 
0.6400 8 
0.6500 8 
0.6600 8 
0.6700 8 
0.6800 8 
0.6900 8 
0.7000 8 
0.7100 8 
0.7200 8 
0.7300 8 
0.7400 8 
0.7500 8 
0.7600 8 
0.7700 8 
0.7800 8 
0.7900 8 
0.8000 8 
0.8100 8 
0.8200 8 
0.8300 8 
0.8400 8 
0.8500 8 
0.8600 8 
0.8700 8 
0.8800 8 
0.8900 8 
0.9000 8 
0.9100 8 
0.9200 8 
0.9300 8 
0.9400 8 
0.9500 8 
0.9600 8 
0.9700 8 
0.9800 8 
0.9900 8 
1.0000 8 
1.0100 8 
1.0200 8 
1.0300 8 
1.0400 8 
1.0500 8 
1.0600 8 
1.0700 8 
1.0800 8 
1.0900 8 
1.1000 8 
1.1100 8 
1.1200 8 
1.1300 8 
1.1400 8 
1.1500 8 
1.1600 8 
1.1700 8 
1.1800 8 
1.1900 8 
1.2000 8 
1.2100 8 
1.2200 8 
1.2300 8 
1.2400 8 
1.2500 8 
1.2600 8 
1.2700 8 
1.2800 8 
1.2900 8 
1.3000 8 
1.3100 8 
1.3200 8 
1.3300 8 
1.3400 8 
1.3500 8 
1.3600 8 
1.3700 8 
1.3800 8 
1.3900 8 
1.4000 8 
1.4100 8 
1.4200 8 
1.4300 8 
1.4400 8 
1.4500 8 
1.4600 8 
1.4700 8 
1.4800 8 
1.4900 8 
1.5000 8 
1.5100 8 
1.5200 8 
1.5300 8 
1.5400 8 
1.5500 8 
1.5600 8 
1.5700 8 
1.5800 8 
1.5900 8 
1.6000 8 
1.6100 8 
1.6200 8 
1.6300 8 
1.6400 8 
1.6500 8 
1.6600 8 
1.6700 8 
1.6800 8 
1.6900 8 
1.7000 8 
1.7100 8 
1.7200 8 
1.7300 8 
1.7400 8 
1.7500 8 
1.7600 8 
1.7700 8 
1.7800 8 
1.7900 8 
1.8000 8 
1.8100 8 
1.8200 8 
1.8300 8 
1.8400 8 
1.8500 8 
1.8600 8 
1.8700 8 
1.8800 8 
1.8900 8 
1.9000 8 
1.9100 8 
1.9200 8 
1.9300 8 
1.9400 8 
1.9500 8 
1.9600 8 
1.9700 8 
1.9800 8 
1.9900 8 
0.01 8 
0.02 8 
0.0299 8 
0.0400 8 
0.0500 8 
0.0600 8 
0.0700 8 
0.0800 8 
0.0899 8 
0.0999 8 
0.1099 8 
0.1199 8 
0.1299 8 
0.1399 8 
0.1499 8 
0.16 8 
0.1700 8 
0.1800 8 
0.1900 8 
0.2000 8 
0.2100 8 
0.2200 8 
0.2300 8 
0.2400 8 
0.2500 8 
0.2600 8 
0.2700 8 
0.2800 8 
0.2900 8 
0.3000 8 
0.3100 8 
0.3200 8 
0.3300 8 
0.3400 8 
0.3500 8 
0.3600 8 
0.3700 8 
0.3800 8 
0.3900 8 
0.4000 8 
0.4100 8 
0.4200 8 
0.4300 8 
0.4400 8 
0.4500 8 
0.4600 8 
0.4700 8 
0.4800 8 
0.4900 8 
0.5000 8 
0.5100 8 
0.5200 8 
0.5300 8 
0.5400 8 
0.5500 8 
0.5600 8 
0.5700 8 
0.5800 8 
0.5900 8 
0.6000 8 
0.6100 8 
0.6200 8 
0.6300 8 
0.6400 8 
0.6500 8 
0.6600 8 
0.6700 8 
0.6800 8 
0.6900 8 
0.7000 8 
0.7100 8 
0.7200 8 
0.7300 8 
0.7400 8 
0.7500 8 
0.7600 8 
0.7700 8 
0.7800 8 
0.7900 8 
0.8000 8 
0.8100 8 
0.8200 8 
0.8300 8 
0.8400 8 
0.8500 8 
0.8600 8 
0.8700 8 
0.8800 8 
0.8900 8 
0.9000 8 
0.9100 8 
0.9200 8 
0.9300 8 
0.9400 8 
0.9500 8 
0.9600 8 
0.9700 8 
0.9800 8 
0.9900 8 
1.0000 8 
1.0100 8 
1.0200 8 
1.0300 8 
1.0400 8 
1.0500 8 
1.0600 8 
1.0700 8 
1.0800 8 
1.0900 8 
1.1000 8 
1.1100 8 
1.1200 8 
1.1300 8 
1.1400 8 
1.1500 8 
1.1600 8 
1.1700 8 
1.1800 8 
1.1900 8 
1.2000 8 
1.2100 8 
1.2200 8 
1.2300 8 
1.2400 8 
1.2500 8 
1.2600 8 
1.2700 8 
1.2800 8 
1.2900 8 
1.3000 8 
1.3100 8 
1.3200 8 
1.3300 8 
1.3400 8 
1.3500 8 
1.3600 8 
1.3700 8 
1.3800 8 
1.3900 8 
1.4000 8 
1.4100 8 
1.4200 8 
1.4300 8 
1.4400 8 
1.4500 8 
1.4600 8 
1.4700 8 
1.4800 8 
1.4900 8 
1.5000 8 
1.5100 8 
1.5200 8 
1.5300 8 
1.5400 8 
1.5500 8 
1.5600 8 
1.5700 8 
1.5800 8 
1.5900 8 
1.6000 8 
1.6100 8 
1.6200 8 
1.6300 8 
1.6400 8 
1.6500 8 
1.6600 8 
1.6700 8 
1.6800 8 
1.6900 8 
1.7000 8 
1.7100 8 
1.7200 8 
1.7300 8 
1.7400 8 
1.7500 8 
1.7600 8 
1.7700 8 
1.7800 8 
1.7900 8 
1.8000 8 
1.8100 8 
1.8200 8 
1.8300 8 
1.8400 8 
1.8500 8 
1.8600 8 
1.8700 8 
1.8800 8 
1.8900 8 
1.9000 8 
1.9100 8 
1.9200 8 
1.9300 8 
1.9400 8 
1.9500 8 
1.9600 8 
1.9700 8 
1.9800 8 
1.9900 8 
0.01 8 
0.02 8 
0.0299 8 
0.0400 8 
0.0500 8 
0.0600 8 
0.0700 8 
0.0800 8 
0.0899 8 
0.0999 8 
0.1099 8 
0.1199 8 
0.1299 8 
0.1399 8 
0.1499 8 
0.16 8 
0.1700 8 
0.1800 8 
0.1900 8 
0.2000 8 
0.2100 8 
0.2200 8 
0.2300 8 
0.2400 8 
0.2500 8 
0.2600 8 
0.2700 8 
0.2800 8 
0.2900 8 
0.3000 8 
0.3100 8 
0.3200 8 
0.3300 8 
0.3400 8 
0.3500 8 
0.3600 8 
0.3700 8 
0.3800 8 
0.3900 8 
0.4000 8 
0.4100 8 
0.4200 8 
0.4300 8 
0.4400 8 
0.4500 8 
0.4600 8 
0.4700 8 
0.4800 8 
0.4900 8 
0.5000 8 
0.5100 8 
0.5200 8 
0.5300 8 
0.5400 8 
0.5500 8 
0.5600 8 
0.5700 8 
0.5800 8 
0.5900 8 
0.6000 8 
0.6100 8 
0.6200 8 
0.6300 8 
0.6400 8 
0.6500 8 
0.6600 8 
0.6700 8 
0.6800 8 
0.6900 8 
0.7000 8 
0.7100 8 
0.7200 8 
0.7300 8 
0.7400 8 
0.7500 8 
0.7600 8 
0.7700 8 
0.7800 8 
0.7900 8 
0.8000 8 
0.8100 8 
0.8200 8 
0.8300 8 
0.8400 8 
0.8500 8 
0.8600 8 
0.8700 8 
0.8800 8 
0.8900 8 
0.9000 8 
0.9100 8 
0.9200 8 
0.9300 8 
0.9400 8 
0.9500 8 
0.9600 8 
0.9700 8 
0.9800 8 
0.9900 8 
1.0000 8 
1.0100 8 
1.0200 8 
1.0300 8 
1.0400 8 
1.0500 8 
1.0600 8 
1.0700 8 
1.0800 8 
1.0900 8 
1.1000 8 
1.1100 8 
1.1200 8 
1.1300 8 
1.1400 8 
1.1500 8 
1.1600 8 
1.1700 8 
1.1800 8 
1.1900 8 
1.2000 8 
1.2100 8 
1.2200 8 
1.2300 8 
1.2400 8 
1.2500 8 
1.2600 8 
1.2700 8 
1.2800 8 
1.2900 8 
1.3000 8 
1.3100 8 
1.3200 8 
1.3300 8 
1.3400 8 
1.3500 8 
1.3600 8 
1.3700 8 
1.3800 8 
1.3900 8 
1.4000 8 
1.4100 8 
1.4200 8 
1.4300 8 
1.4400 8 
1.4500 8 
1.4600 8 
1.4700 8 
1.4800 8 
1.4900 8 
1.5000 8 
1.5100 8 
1.5200 8 
1.5300 8 
1.5400 8 
1.5500 8 
1.5600 8 
1.5700 8 
1.5800 8 
1.5900 8 
1.6000 8 
1.6100 8 
1.6200 8 
1.6300 8 
1.6400 8 
1.6500 8 
1.6600 8 
1.6700 8 
1.6800 8 
1.6900 8 
1.7000 8 
1.7100 8 
1.7200 8 
1.7300 8 
1.7400 8 
1.7500 8 
1.7600 8 
1.7700 8 
1.7800 8 
1.7900 8 
1.8000 8 
1.8100 8 
1.8200 8 
1.8300 8 
1.8400 8 
1.8500 8 
1.8600 8 
1.8700 8 
1.8800 8 
1.8900 8 
1.9000 8 
1.9100 8 
1.9200 8 
1.9300 8 
1.9400 8 
1.9500 8 
1.9600 8 
1.9700 8 
1.9800 8 
1.9900 8 
0.01 8 
0.02 8 
0.0299 8 
0.0400 8 
0.0500 8 
0.0600 8 
0.0700 8 
0.0800 8 
0.0899 8 
0.0999 8 
0.1099 8 
0.1199 8 
0.1299 8 
0.1399 8 
0.1499 8 
0.16 8 
0.1700 8 
0.1800 8 
0.1900 8 
0.2000 8 
0.2100 8 
0.2200 8 
0.2300 8 
0.2400 8 
0.2500 8 
0.2600 8 
0.2700 8 
0.2800 8 
0.2900 8 
0.3000 8 
0.3100 8 
0.3200 8 
0.3300 8 
0.3400 8 
0.3500 8 
0.3600 8 
0.3700 8 
0.3800 8 
0.3900 8 
0.4000 8 
0.4100 8 
0.4200 8 
0.4300 8 
0.4400 8 
0.4500 8 
0.4600 8 
0.4700 8 
0.4800 8 
0.4900 8 
0.5000 8 
0.5100 8 
0.5200 8 
0.5300 8 
0.5400 8 
0.5500 8 
0.5600 8 
0.5700 8 
0.5800 8 
0.5900 8 
0.6000 8 
0.6100 8 
0.6200 8 
0.6300 8 
0.6400 8 
0.6500 8 
0.6600 8 
0.6700 8 
0.6800 8 
0.6900 8 
0.7000 8 
0.7100 8 
0.7200 8 
0.7300 8 
0.7400 8 
0.7500 8 
0.7600 8 
0.7700 8 
0.7800 8 
0.7900 8 
0.8000 8 
0.8100 8 
0.8200 8 
0.8300 8 
0.8400 8 
0.8500 8 
0.8600 8 
0.8700 8 
0.8800 8 
0.8900 8 
0.9000 8 
0.9100 8 
0.9200 8 
0.9300 8 
0.9400 8 
0.9500 8 
0.9600 8 
0.9700 8 
0.9800 8 
0.9900 8 
1.0000 8 
1.0100 8 
1.0200 8 
1.0300 8 
1.0400 8 
1.0500 8 
1.0600 8 
1.0700 8 
1.0800 8 
1.0900 8 
1.1000 8 
1.1100 8 
1.1200 8 
1.1300 8 
1.1400 8 
1.1500 8 
1.1600 8 
1.1700 8 
1.1800 8 
1.1900 8 
1.2000 8 
1.2100 8 
1.2200 8 
1.2300 8 
1.2400 8 
1.2500 8 
1.2600 8 
1.2700 8 
1.2800 8 
1.2900 8 
1.3000 8 
1.3100 8 
1.3200 8 
1.3300 8 
1.3400 8 
1.3500 8 
1.3600 8 
1.3700 8 
1.3800 8 
1.3900 8 
1.4000 8 
1.4100 8 
1.4200 8 
1.4300 8 
1.4400 8 
1.4500 8 
1.4600 8 
1.4700 8 
1.4800 8 
1.4900 8 
1.5000 8 
1.5100 8 
1.5200 8 
1.5300 8 
1.5400 8 
1.5500 8 
1.5600 8 
1.5700 8 
1.5800 8 
1.5900 8 
1.6000 8 
1.6100 8 
1.6200 8 
1.6300 8 
1.6400 8 
1.6500 8 
1.6600 8 
1.6700 8 
1.6800 8 
1.6900 8 
1.7000 8 
1.7100 8 
1.7200 8 
1.7300 8 
1.7400 8 
1.7500 8 
1.7600 8 
1.7700 8 
1.7800 8 
1.7900 8 
1.8000 8 
1.8100 8 
1.8200 8 
1.8300 8 
1.8400 8 
1.8500 8 
1.8600 8 
1.8700 8 
1.8800 8 
1.8900 8 
1.9000 8 
1.9100 8 
1.9200 8 
1.9300 8 
1.9400 8 
1.9500 8 
1.9600 8 
1.9700 8 
1.9800 8 
1.9900 8 
0.01 8 
0.02 8 
0.0299 8 
0.0400 8 
0.0500 8 
0.0600 8 
0.0700 8 
0.0800 8 
0.0899 8 
0.0999 8 
0.1099 8 
0.1199 8 
0.1299 8 
0.1399 8 
0.1499 8 
0.16 8 
0.1700 8 
0.1800 8 
0.1900 8 
0.2000 8 
0.2100 8 
0.2200 8 
0.2300 8 
0.2400 8 
0.2500 8 
0.2600 8 
0.2700 8 
0.2800 8 
0.2900 8 
0.3000 8 
0.3100 8 
0.3200 8 
0.3300 8 
0.3400 8 
0.3500 8 
0.3600 8 
0.3700 8 
0.3800 8 
0.3900 8 
0.4000 8 
0.4100 8 
0.4200 8 
0.4300 8 
0.4400 8 
0.4500 8 
0.4600 8 
0.4700 8 
0.4800 8 
0.4900 8 
0.5000 8 
0.5100 8 
0.5200 8 
0.5300 8 
0.5400 8 
0.5500 8 
0.5600 8 
0.5700 8 
0.5800 8 
0.5900 8 
0.6000 8 
0.6100 8 
0.6200 8 
0.6300 8 
0.6400 8 
0.6500 8 
0.6600 8 
0.6700 8 
0.6800 8 
0.6900 8 
0.7000 8 
0.7100 8 
0.7200 8 
0.7300 8 
0.7400 8 
0.7500 8 
0.7600 8 
0.7700 8 
0.7800 8 
0.7900 8 
0.8000 8 
0.8100 8 
0.8200 8 
0.8300 8 
0.8400 8 
0.8500 8 
0.8600 8 
0.8700 8 
0.8800 8 
0.8900 8 
0.9000 8 
0.9100 8 
0.9200 8 
0.9300 8 
0.9400 8 
0.9500 8 
0.9600 8 
0.9700 8 
0.9800 8 
0.9900 8 
1.0000 8 
1.0100 8 
1.0200 8 
1.0300 8 
1.0400 8 
1.0500 8 
1.0600 8 
1.0700 8 
1.0800 8 
1.0900 8 
1.1000 8 
1.1100 8 
1.1200 8 
1.1300 8 
1.1400 8 
1.1500 8 
1.1600 8 
1.1700 8 
1.1800 8 
1.1900 8 
1.2000 8 
1.2100 8 
1.2200 8 
1.2300 8 
1.2400 8 
1.2500 8 
1.2600 8 
1.2700 8 
1.2800 8 
1.2900 8 
1.3000 8 
1.3100 8 
1.3200 8 
1.3300 8 
1.3400 8 
1.3500 8 
1.3600 8 
1.3700 8 
1.3800 8 
1.3900 8 
1.4000 8 
1.4100 8 
1.4200 8 
1.4300 8 
1.4400 8 
1.4500 8 
1.4600 8 
1.4700 8 
1.4800 8 
1.4900 8 
1.5000 8 
1.5100 8 
1.5200 8 
1.5300 8 
1.5400 8 
1.5500 8 
1.5600 8 
1.5700 8 
1.5800 8 
1.5900 8 
1.6000 8 
1.6100 8 
1.6200 8 
1.6300 8 
1.6400 8 
1.6500 8 
1.6600 8 
1.6700 8 
1.6800 8 
1.6900 8 
1.7000 8 
1.7100 8 
1.7200 8 
1.7300 8 
1.7400 8 
1.7500 8 
1.7600 8 
1.7700 8 
1.7800 8 
1.7900 8 
1.8000 8 
1.8100 8 
1.8200 8 
1.8300 8 
1.8400 8 
1.8500 8 
1.8600 8 
1.8700 8 
1.8800 8 
1.8900 8 
1.9000 8 
1.9100 8 
1.9200 8 
1.9300 8 
1.9400 8 
1.9500 8 
1.9600 8 
1.9700 8 
1.9800 8 
1.9900 8 
0.01 8 
0.02 8 
0.0299 8 
0.0400 8 
0.0500 8 
0.0600 8 
0.0700 8 
0.0800 8 
0.0899 8 
0.0999 8 
0.1099 8 
0.1199 8 
0.1299 8 
0.1399 8 
0.1499 8 
0.16 8 
0.1700 8 
0.1800 8 
0.1900 8 
0.2000 8 
0.2100 8 
0.2200 8 
0.2300 8 
0.2400 8 
0.2500 8 
0.2600 8 
0.2700 8 
0.2800 8 
0.2900 8 
0.3000 8 
0.3100 8 
0.3200 8 
0.3300 8 
0.3400 8 
0.3500 8 
0.3600 8 
0.3700 8 
0.3800 8 
0.3900 8 
0.4000 8 
0.4100 8 
0.4200 8 
0.4300 8 
0.4400 8 
0.4500 8 
0.4600 8 
0.4700 8 
0.4800 8 
0.4900 8 
0.5000 8 
0.5100 8 
0.5200 8 
0.5300 8 
0.5400 8 
0.5500 8 
0.5600 8 
0.5700 8 
0.5800 8 
0.5900 8 
0.6000 8 
0.6100 8 
0.6200 8 
0.6300 8 
0.6400 8 
0.6500 8 
0.6600 8 
0.6700 8 
0.6800 8 
0.6900 8 
0.7000 8 
0.7100 8 
0.7200 8 
0.7300 8 
0.7400 8 
0.7500 8 
0.7600 8 
0.7700 8 
0.7800 8 
0.7900 8 
0.8000 8 
0.8100 8 
0.8200 8 
0.8300 8 
0.8400 8 
0.8500 8 
0.8600 8 
0.8700 8 
0.8800 8 
0.8900 8 
0.9000 8 
0.9100 8 
0.9200 8 
0.9300 8 
0.9400 8 
0.9500 8 
0.9600 8 
0.9700 8 
0.9800 8 
0.9900 8 
1.0000 8 
1.0100 8 
1.0200 8 
1.0300 8 
1.0400 8 
1.0500 8 
1.0600 8 
1.0700 8 
1.0800 8 
1.0900 8 
1.1000 8 
1.1100 8 
1.1200 8 
1.1300 8 
1.1400 8 
1.1500 8 
1.1600 8 
1.1700 8 
1.1800 8 
1.1900 8 
1.2000 8 
1.2100 8 
1.2200 8 
1.2300 8 
1.2400 8 
1.2500 8 
1.2600 8 
1.2700 8 
1.2800 8 
1.2900 8 
1.3000 8 
1.3100 8 
1.3200 8 
1.3300 8 
1.3400 8 
1.3500 8 
1.3600 8 
1.3700 8 
1.3800 8 
1.3900 8 
1.4000 8 
1.4100 8 
1.4200 8 
1.4300 8 
1.4400 8 
1.4500 8 
1.4600 8 
1.4700 8 
1.4800 8 
1.4900 8 
1.5000 8 
1.5100 8 
1.5200 8 
1.5300 8 
1.5400 8 
1.5500 8 
1.5600 8 
1.5700 8 
1.5800 8 
1.5900 8 
1.6000 8 
1.6100 8 
1.6200 8 
1.6300 8 
1.6400 8 
1.6500 8 
1.6600 8 
1.6700 8 
1.6800 8 
1.6900 8 
1.7000 8 
1.7100 8 
1.7200 8 
1.7300 8 
1.7400 8 
1.7500 8 
1.7600 8 
1.7700 8 
1.7800 8 
1.7900 8 
1.8000 8 
1.8100 8 
1.8200 8 
1.8300 8 
1.8400 8 
1.8500 8 
1.8600 8 
1.8700 8 
1.8800 8 
1.8900 8 
1.9000 8 
1.9100 8 
1.9200 8 
1.9300 8 
1.9400 8 
1.9500 8 
1.9600 8 
1.9700 8 
1.9800 8 
1.9900 8 
