0.01 20.49 
0.02 21.91 
0.0299 23.06 
0.0400 23.06 
0.0500 23.06 
0.0600 23.06 
0.0700 23.06 
0.0800 23.06 
0.0899 23.06 
0.0999 23.06 
0.1099 23.06 
0.1199 23.06 
0.1299 23.06 
0.1399 23.06 
0.1499 23.06 
0.16 23.06 
0.1700 23.06 
0.1800 23.06 
0.1900 23.06 
0.2000 23.06 
0.2100 23.06 
0.2200 23.06 
0.2300 1 
0.2400 1 
0.2500 1 
0.2600 1 
0.2700 1 
0.2800 1 
0.2900 1 
0.3000 1 
0.3100 1 
0.3200 1 
0.3300 1 
0.3400 1 
0.3500 1 
0.3600 1 
0.3700 1 
0.3800 1 
0.3900 1 
0.4000 1 
0.4100 1 
0.4200 1 
0.4300 1 
0.4400 1 
0.4500 1 
0.4600 1 
0.4700 1 
0.4800 1 
0.4900 1 
0.5000 1 
0.5100 1 
0.5200 1 
0.5300 1 
0.5400 1 
0.5500 1 
0.5600 1 
0.5700 1 
0.5800 1 
0.5900 1 
0.6000 1 
0.6100 1 
0.6200 1 
0.6300 1 
0.6400 1 
0.6500 1 
0.6600 1 
0.6700 1 
0.6800 1 
0.6900 1 
0.7000 1 
0.7100 1 
0.7200 1 
0.7300 1 
0.7400 1 
0.7500 1 
0.7600 1 
0.7700 1 
0.7800 1 
0.7900 1 
0.8000 1 
0.8100 1 
0.8200 1 
0.8300 1 
0.8400 1 
0.8500 1 
0.8600 1 
0.8700 1 
0.8800 1 
0.8900 1 
0.9000 1 
0.9100 1 
0.9200 1 
0.9300 1 
0.9400 1 
0.9500 1 
0.9600 1 
0.9700 1 
0.9800 1 
0.9900 1 
1.0000 1 
1.0100 1 
1.0200 1 
1.0300 1 
1.0400 1 
1.0500 1 
1.0600 1 
1.0700 1 
1.0800 1 
1.0900 1 
1.1000 1 
1.1100 1 
1.1200 1 
1.1300 1 
1.1400 1 
1.1500 1 
1.1600 1 
1.1700 1 
1.1800 1 
1.1900 1 
1.2000 1 
1.2100 1 
1.2200 1 
1.2300 1 
1.2400 1 
1.2500 1 
1.2600 1 
1.2700 1 
1.2800 1 
1.2900 1 
1.3000 1 
1.3100 1 
1.3200 1 
1.3300 1 
1.3400 1 
1.3500 1 
1.3600 1 
1.3700 1 
1.3800 1 
1.3900 1 
1.4000 1 
1.4100 1 
1.4200 1 
1.4300 1 
1.4400 1 
1.4500 1 
1.4600 1 
1.4700 1 
1.4800 1 
1.4900 1 
1.5000 1 
1.5100 1 
1.5200 1 
1.5300 1 
1.5400 1 
1.5500 1 
1.5600 1 
1.5700 1 
1.5800 1 
1.5900 1 
1.6000 1 
1.6100 1 
1.6200 1 
1.6300 1 
1.6400 1 
1.6500 1 
1.6600 1 
1.6700 1 
1.6800 1 
1.6900 1 
1.7000 1 
1.7100 1 
1.7200 1 
1.7300 1 
1.7400 1 
1.7500 1 
1.7600 1 
1.7700 1 
1.7800 1 
1.7900 1 
1.8000 1 
1.8100 1 
1.8200 1 
1.8300 1 
1.8400 1 
1.8500 1 
1.8600 1 
1.8700 1 
1.8800 1 
1.8900 1 
1.9000 1 
1.9100 1 
1.9200 1 
1.9300 1 
1.9400 1 
1.9500 1 
1.9600 1 
1.9700 1 
1.9800 1 
1.9900 1 
2.0000 1 
2.0100 1 
2.0200 1 
2.0300 1 
2.0400 1 
2.0500 1 
2.0600 1 
2.0699 1 
2.0799 1 
2.0899 1 
2.0999 1 
2.1099 1 
2.1199 1 
2.1299 1 
2.1399 1 
2.1499 1 
2.1599 1 
2.1699 1 
2.1799 1 
2.1899 1 
2.1999 1 
2.2099 1 
2.2199 1 
2.2299 1 
2.2399 1 
2.2499 1 
2.2599 1 
2.2699 1 
2.2799 1 
2.2899 1 
2.2999 1 
2.3099 1 
2.3199 1 
2.3299 1 
2.3399 1 
2.3499 1 
2.3599 1 
2.3699 1 
2.3799 1 
2.3899 1 
2.3999 1 
2.4099 1 
2.4199 1 
2.4299 1 
2.4399 1 
2.4499 1 
2.4599 1 
2.4699 1 
2.4799 1 
2.4899 1 
2.4999 1 
2.5099 1 
2.5199 1 
2.5299 1 
2.5399 1 
2.5499 1 
2.5599 1 
2.5699 1 
2.5799 1 
2.5899 1 
2.5999 1 
2.6099 1 
2.6199 1 
2.6299 1 
2.6399 1 
2.6499 1 
2.6599 1 
2.6699 1 
2.6799 1 
2.6899 1 
2.6999 1 
2.7099 1 
2.7199 1 
2.7299 1 
2.7399 1 
2.7499 1 
2.7599 1 
2.7699 1 
2.7799 1 
2.7899 1 
2.7999 1 
2.8099 1 
2.8199 1 
2.8299 1 
2.8399 1 
2.8499 1 
2.8599 1 
2.8699 1 
2.8799 1 
2.8899 1 
2.8999 1 
2.9099 1 
2.9199 1 
2.9299 1 
2.9399 1 
2.9499 1 
2.9599 1 
2.9699 1 
2.9799 1 
2.9899 1 
2.9999 1 
3.0099 1 
3.0199 1 
3.0299 1 
3.0399 1 
3.0499 1 
3.0599 1 
3.0699 1 
3.0799 1 
3.0899 1 
3.0999 1 
3.1099 1 
3.1199 1 
3.1299 1 
3.1399 1 
3.1499 1 
3.1599 1 
3.1699 1 
3.1799 1 
3.1899 1 
3.1999 1 
3.2099 1 
3.2199 1 
3.2299 1 
3.2399 1 
3.2499 1 
3.2599 1 
3.2699 1 
3.2799 1 
3.2899 1 
3.2999 1 
3.3099 1 
3.3199 1 
3.3299 1 
3.3399 1 
3.3499 1 
3.3599 1 
3.3699 1 
3.3799 1 
3.3899 1 
3.3999 1 
3.4099 1 
3.4199 1 
3.4299 1 
3.4399 1 
3.4499 1 
3.4599 1 
3.4699 1 
3.4799 1 
3.4899 1 
3.4999 1 
3.5099 1 
3.5199 1 
3.5299 1 
3.5399 1 
3.5499 1 
3.5599 1 
3.5699 1 
3.5799 1 
3.5899 1 
3.5999 1 
3.6099 1 
3.6199 1 
3.6299 1 
3.6399 1 
3.6499 1 
3.6599 1 
3.6699 1 
3.6799 1 
3.6899 1 
3.6999 1 
3.7099 1 
3.7199 1 
3.7299 1 
3.7399 1 
3.7499 1 
3.7599 1 
3.7699 1 
3.7799 1 
3.7899 1 
3.7999 1 
3.8099 1 
3.8199 1 
3.8299 1 
3.8399 1 
3.8499 1 
3.8599 1 
3.8699 1 
3.8799 1 
3.8899 1 
3.8999 1 
3.9099 1 
3.9199 1 
3.9299 1 
3.9399 1 
3.9499 1 
3.9599 1 
3.9699 1 
3.9799 1 
3.9899 1 
3.9999 1 
4.0099 1 
4.0199 1 
4.0299 1 
4.0399 1 
4.0499 1 
4.0599 1 
4.0699 1 
4.0799 1 
4.0899 1 
4.0999 1 
4.1099 1 
4.1199 1 
4.1299 1 
4.1399 1 
4.1499 1 
4.1599 1 
4.1699 1 
4.1799 1 
4.1899 1 
4.1999 1 
4.2099 1 
4.2199 1 
4.2299 1 
4.2399 1 
4.2499 1 
4.2599 1 
4.2699 1 
4.2799 1 
4.2899 1 
4.2999 1 
4.3099 1 
4.3199 1 
4.3299 1 
4.3399 1 
4.3499 1 
4.3599 1 
4.3699 1 
4.3799 1 
4.3899 1 
4.3999 1 
4.4099 1 
4.4199 1 
4.4299 1 
4.4399 1 
4.4499 1 
4.4599 1 
4.4699 1 
4.4799 1 
4.4899 1 
4.4999 1 
4.5099 1 
4.5199 1 
4.5299 1 
4.5399 1 
4.5499 1 
4.5599 1 
4.5699 1 
4.5799 1 
4.5899 1 
4.5999 1 
4.6099 1 
4.6199 1 
4.6299 1 
4.6399 1 
4.6499 1 
4.6599 1 
4.6699 1 
4.6799 1 
4.6899 1 
4.6999 1 
4.7099 1 
4.7199 1 
4.7299 1 
4.7399 1 
4.7499 1 
4.7599 1 
4.7699 1 
4.7799 1 
4.7899 1 
4.7999 1 
4.8099 1 
4.8199 1 
4.8299 1 
4.8399 1 
4.8499 1 
4.8599 1 
4.8699 1 
4.8799 1 
4.8899 1 
4.8999 1 
4.9099 1 
4.9199 1 
4.9299 1 
4.9399 1 
4.9499 1 
4.9599 1 
4.9699 1 
4.9799 1 
4.9899 1 
4.9999 1 
0.01 20.88 
0.02 22.71 
0.0299 24.90 
0.0400 26.91 
0.0500 11.04 
0.0600 11.83 
0.0700 5 
0.0800 6.822 
0.0899 12.29 
0.0999 7.224 
0.1099 6.672 
0.1199 6.099 
0.1299 12.16 
0.1399 7.224 
0.1499 12.35 
0.16 7.142 
0.1700 6.261 
0.1800 1 
0.1900 7.441 
0.2000 5.053 
0.2100 9.496 
0.2200 2 
0.2300 11.86 
0.2400 7.142 
0.2500 1 
0.2600 5.123 
0.2700 9.101 
0.2800 1 
0.2900 10.41 
0.3000 6.422 
0.3100 1 
0.3200 4.569 
0.3300 1 
0.3400 10.11 
0.3500 7.362 
0.3600 6.672 
0.3700 8.000 
0.3800 6.361 
0.3900 8.489 
0.4000 8.291 
0.4100 13.97 
0.4200 8.317 
0.4300 12.63 
0.4400 2 
0.4500 10.78 
0.4600 14.51 
0.4700 18.35 
0.4800 21.74 
0.4900 11.04 
0.5000 7.166 
0.5100 1 
0.5200 5.754 
0.5300 3.553 
0.5400 9.142 
0.5500 13.26 
0.5600 8.071 
0.5700 9.533 
0.5800 6.328 
0.5900 6.099 
0.6000 4 
0.6100 5.123 
0.6200 2 
0.6300 10.04 
0.6400 6.422 
0.6500 9.468 
0.6600 10.72 
0.6700 15.60 
0.6800 4.25 
0.6900 4.164 
0.7000 5.390 
0.7100 4.164 
0.7200 11.15 
0.7300 15.18 
0.7400 9.555 
0.7500 13.32 
0.7600 17.14 
0.7700 1 
0.7800 6.672 
0.7900 6.143 
0.8000 7.062 
0.8100 1 
0.8200 11.56 
0.8300 4.788 
0.8400 8.214 
0.8500 1 
0.8600 8.506 
0.8700 8.168 
0.8800 3.553 
0.8900 1 
0.9000 1 
0.9100 4.404 
0.9200 7.062 
0.9300 12.58 
0.9400 7.362 
0.9500 7.362 
0.9600 7.362 
0.9700 7.362 
0.9800 7.362 
0.9900 7.362 
1.0000 7.362 
1.0100 7.362 
1.0200 7.362 
1.0300 7.362 
1.0400 7.362 
1.0500 7.362 
1.0600 7.362 
1.0700 7.362 
1.0800 7.362 
1.0900 7.362 
1.1000 7.362 
1.1100 7.362 
1.1200 7.362 
1.1300 7.362 
1.1400 4.164 
1.1500 10.30 
1.1600 8.143 
1.1700 4.631 
1.1800 10.11 
1.1900 6.791 
1.2000 11.25 
1.2100 9.404 
1.2200 7.498 
1.2300 12.27 
1.2400 17.06 
1.2500 12.34 
1.2600 17.11 
1.2700 20.07 
1.2800 10.68 
1.2900 12.65 
1.3000 8.966 
1.3100 5.975 
1.3200 7.062 
1.3300 12.98 
1.3400 8.623 
1.3500 1 
1.3600 10.21 
1.3700 8.457 
1.3800 5.688 
1.3900 4.569 
1.4000 10.66 
1.4100 7.577 
1.4200 12.56 
1.4300 7.498 
1.4400 6.672 
1.4500 7.112 
1.4600 6.464 
1.4700 6.422 
1.4800 1 
1.4900 11.65 
1.5000 5.053 
1.5100 1 
1.5200 7.165 
1.5300 6.263 
1.5400 11.56 
1.5500 2 
1.5600 5.123 
1.5700 6.619 
1.5800 12.10 
1.5900 15.38 
1.6000 9.910 
1.6100 7.577 
1.6200 5.319 
1.6300 11.27 
1.6400 5 
1.6500 11.43 
1.6600 7.945 
1.6700 12.31 
1.6800 8.317 
1.6900 1 
1.7000 5.507 
1.7100 9.427 
1.7200 13.46 
1.7300 9.45 
1.7400 5.390 
1.7500 4.920 
1.7600 4.164 
1.7700 5.251 
1.7800 9.282 
1.7900 14.02 
1.8000 5.319 
1.8100 6.034 
1.8200 5.577 
1.8300 6.968 
1.8400 13.23 
1.8500 16.23 
1.8600 10.01 
1.8700 7.577 
1.8800 8.489 
1.8900 5.577 
1.9000 10.18 
1.9100 9.678 
1.9200 1 
1.9300 1 
1.9400 5.123 
1.9500 10.34 
1.9600 10.37 
1.9700 4 
1.9800 8.672 
1.9900 5.803 
2.0000 5.975 
2.0100 4.631 
2.0200 11.15 
2.0300 7.282 
2.0400 10.55 
2.0500 7.498 
2.0600 12.99 
2.0699 9.014 
2.0799 9.638 
2.0899 1 
2.0999 10.21 
2.1099 6 
2.1199 5.975 
2.1299 4.920 
2.1399 7.479 
2.1499 6.422 
2.1599 11.30 
2.1699 8.506 
0.01 21.35 
0.02 11.66 
0.0299 15.50 
0.0400 18.67 
0.0500 21.08 
0.0600 8 
0.0700 5 
0.0800 10.41 
0.0899 8.337 
0.0999 8.291 
0.1099 9.844 
0.1199 6.640 
0.1299 11.34 
0.1399 16.40 
0.1499 4 
0.16 13.65 
0.1700 8 
0.1800 5.930 
0.1900 6.422 
0.2000 6.770 
0.2100 7.204 
0.2200 8.489 
0.2300 14.09 
0.2400 6 
0.2500 11.76 
0.2600 15.18 
0.2700 3 
0.2800 5.123 
0.2900 8.411 
0.3000 7.390 
0.3100 7.112 
0.3200 1 
0.3300 8.457 
0.3400 13.03 
0.3500 4.404 
0.3600 5.251 
0.3700 4.095 
0.3800 4.569 
0.3900 5.2 
0.4000 11.21 
0.4100 8.195 
0.4200 10.45 
0.4300 7.082 
0.4400 6.968 
0.4500 5.392 
0.4600 8.575 
0.4700 14.21 
0.4800 8.672 
0.4900 4.164 
0.5000 8.489 
0.5100 4.164 
0.5200 4.339 
0.5300 9.142 
0.5400 14.21 
0.5500 16.43 
0.5600 10.21 
0.5700 7.224 
0.5800 12.35 
0.5900 1 
0.6000 10.32 
0.6100 8.216 
0.6200 12.88 
0.6300 18.39 
0.6400 21.27 
0.6500 23.59 
0.6600 13.57 
0.6700 1 
0.6800 4 
0.6900 7.062 
0.7000 6.099 
0.7100 5.251 
0.7200 6.200 
0.7300 9.533 
0.7400 7.362 
0.7500 12.27 
0.7600 17.11 
0.7700 6.263 
0.7800 7.166 
0.7900 5.577 
0.8000 10.37 
0.8100 14.14 
0.8200 9.866 
0.8300 14.48 
0.8400 19.13 
0.8500 21.49 
0.8600 22.58 
0.8700 24.98 
0.8800 11.04 
0.8900 13.04 
0.9000 17.62 
0.9100 20.41 
0.9200 2 
0.9300 4.631 
0.9400 11.24 
0.9500 4 
0.9600 6.099 
0.9700 10.57 
0.9800 2 
0.9900 4.095 
1.0000 4.920 
1.0100 9.533 
1.0200 7.362 
1.0300 6.328 
1.0400 1 
1.0500 10.24 
1.0600 14.53 
1.0700 19.22 
1.0800 9.329 
1.0900 5 
1.1000 8.265 
1.1100 13.06 
1.1200 10.12 
1.1300 6.578 
1.1400 8.647 
1.1500 9.319 
1.1600 7.306 
1.1700 12.48 
1.1800 5.123 
1.1900 5.053 
1.2000 9.031 
1.2100 7.659 
1.2200 12.21 
1.2300 17.07 
1.2400 19.83 
1.2500 11.04 
1.2600 11.04 
1.2700 16.01 
1.2800 8.125 
1.2900 12.26 
1.3000 10.98 
1.3100 4 
1.3200 8.317 
1.3300 6.422 
1.3400 12.40 
1.3500 17.15 
1.3600 20.05 
1.3700 22.68 
1.3800 1 
1.3900 11.49 
1.4000 16.20 
1.4100 19.09 
1.4200 1 
1.4300 11.58 
1.4400 16.26 
1.4500 9.389 
1.4600 14.30 
1.4700 8.437 
1.4800 5 
1.4900 9.511 
1.5000 4.404 
1.5100 2.9 
1.5200 3.553 
1.5300 7.304 
1.5400 5.123 
1.5500 10.04 
1.5600 7.891 
1.5700 6.578 
1.5800 5.390 
1.5900 2 
1.6000 4.631 
1.6100 10.21 
1.6200 13.21 
1.6300 8.437 
1.6400 7.112 
1.6500 7.577 
1.6600 11.99 
1.6700 8.018 
1.6800 1 
1.6900 10.12 
1.7000 1 
1.7100 9.078 
1.7200 7.224 
1.7300 6.422 
1.7400 6.306 
1.7500 11.15 
1.7600 16.02 
1.7700 9.062 
1.7800 4 
1.7900 5.123 
1.8000 5.442 
1.8100 1 
1.8200 8.291 
1.8300 7.166 
1.8400 8.647 
1.8500 13.38 
1.8600 8.437 
1.8700 6.519 
1.8800 8.990 
1.8900 6.640 
1.9000 1 
1.9100 4.631 
1.9200 3.553 
1.9300 7.165 
1.9400 9.389 
1.9500 1 
1.9600 8.623 
1.9700 9.101 
1.9800 4.164 
1.9900 9.808 
0.01 8.090 
0.02 6.263 
0.0299 9.808 
0.0400 15.31 
0.0500 9.45 
0.0600 15.09 
0.0700 11.11 
0.0800 9.468 
0.0899 14.42 
0.0999 10.45 
0.1099 6.143 
0.1199 12.10 
0.1299 3 
0.1399 8.317 
0.1499 13.62 
0.16 10.36 
0.1700 8.506 
0.1800 6.578 
0.1900 5.319 
0.2000 8.248 
0.2100 7.362 
0.2200 13.14 
0.2300 18.25 
0.2400 13.76 
0.2500 18.75 
0.2600 22.13 
0.2700 24.53 
0.2800 4 
0.2900 15.04 
0.3000 19.76 
0.3100 10.25 
0.3200 15.15 
0.3300 4 
0.3400 8.214 
0.3500 5.2 
0.3600 12.07 
0.3700 5.507 
0.3800 6.200 
0.3900 7.612 
0.4000 7.966 
0.4100 4.404 
0.4200 5.975 
0.4300 8.044 
0.4400 5.251 
0.4500 6.519 
0.4600 4.095 
0.4700 9.983 
0.4800 5.390 
0.4900 9.282 
0.5000 8.457 
0.5100 5 
0.5200 7.362 
0.5300 1 
0.5400 7.441 
0.5500 7.577 
0.5600 6.968 
0.5700 7.082 
0.5800 12.19 
0.5900 8.317 
0.6000 7.224 
0.6100 7.253 
0.6200 7.789 
0.6300 11.79 
0.6400 10.94 
0.6500 10.28 
0.6600 1 
0.6700 8.248 
0.6800 5.392 
0.6900 4.847 
0.7000 7.165 
0.7100 13.26 
0.7200 9.062 
0.7300 13.05 
0.7400 8.143 
0.7500 13.22 
0.7600 9.172 
0.7700 7.166 
0.7800 13.56 
0.7900 8.437 
0.8000 6.822 
0.8100 12.29 
0.8200 8.317 
0.8300 13.62 
0.8400 19.13 
0.8500 11.04 
0.8600 7.498 
0.8700 14.03 
0.8800 10.06 
0.8900 1 
0.9000 9.808 
0.9100 8.291 
0.9200 5.975 
0.9300 12.26 
0.9400 8.672 
0.9500 7.166 
0.9600 4.404 
0.9700 11.59 
0.9800 8.143 
0.9900 14.79 
1.0000 6.200 
1.0100 9.533 
1.0200 7.224 
1.0300 6.200 
1.0400 4.164 
1.0500 4.847 
1.0600 7.165 
1.0700 8.168 
1.0800 7.082 
1.0900 13.37 
1.1000 18.14 
1.1100 9.853 
1.1200 1 
1.1300 5.392 
1.1400 13.11 
1.1500 9.281 
1.1600 7.362 
1.1700 1 
1.1800 6.770 
1.1900 11.24 
1.2000 8.506 
1.2100 10.28 
1.2200 9.678 
1.2300 4.631 
1.2400 7.789 
1.2500 14.18 
1.2600 9.281 
1.2700 11.32 
1.2800 7.498 
1.2900 11.34 
1.3000 10.37 
1.3100 16.13 
1.3200 10.25 
1.3300 14.33 
1.3400 9.281 
1.3500 15.12 
1.3600 9.062 
1.3700 6.099 
1.3800 8.489 
1.3900 7.082 
1.4000 6.968 
1.4100 4.404 
1.4200 5.319 
1.4300 9.533 
1.4400 7.224 
1.4500 5.2 
1.4600 11.30 
1.4700 9.404 
1.4800 14.10 
1.4900 19.67 
1.5000 11.04 
1.5100 13.27 
1.5200 9.014 
1.5300 14.48 
1.5400 9.389 
1.5500 12.34 
1.5600 8.623 
1.5700 7.577 
1.5800 1 
1.5900 6.143 
1.6000 14.37 
1.6100 18.99 
1.6200 9.954 
1.6300 6.578 
1.6400 6.968 
1.6500 4.164 
1.6600 8.090 
1.6700 3.633 
1.6800 6.034 
1.6900 13.31 
1.7000 10.45 
1.7100 15.15 
1.7200 19.44 
1.7300 10.91 
1.7400 8.071 
1.7500 6.361 
1.7600 5.2 
1.7700 6.263 
1.7800 8.647 
1.7900 15.14 
1.8000 20.48 
1.8100 11.40 
1.8200 10.70 
1.8300 10.47 
1.8400 6.166 
1.8500 2 
1.8600 9.031 
1.8700 14.49 
1.8800 10.83 
1.8900 9.361 
1.9000 7.362 
1.9100 14.10 
1.9200 10.40 
1.9300 16.08 
1.9400 2 
1.9500 3 
1.9600 4.404 
1.9700 6.200 
1.9800 6.200 
1.9900 10.30 
0.01 22.45 
0.02 26.53 
0.0299 30.07 
0.0400 33.11 
0.0500 36.00 
0.0600 38.68 
0.0700 41.09 
0.0800 13.35 
0.0899 19.09 
0.0999 24.26 
0.1099 27.94 
0.1199 31.32 
0.1299 34.36 
0.1399 37.05 
0.1499 39.66 
0.16 2 
0.1700 16.20 
0.1800 20.06 
0.1900 25.19 
0.2000 28.33 
0.2100 31.67 
0.2200 34.68 
0.2300 37.46 
0.2400 39.53 
0.2500 41.89 
0.2600 44.31 
0.2700 46.42 
0.2800 48.53 
0.2900 50.15 
0.3000 52.11 
0.3100 53.64 
0.3200 55.40 
0.3300 57.18 
0.3400 58.56 
0.3500 60.18 
0.3600 61.75 
0.3700 63.35 
0.3800 64.91 
0.3900 66.13 
0.4000 67.57 
0.4100 69.03 
0.4200 70.46 
0.4300 71.81 
0.4400 73.14 
0.4500 74.49 
0.4600 75.56 
0.4700 76.82 
0.4800 78.11 
0.4900 79.33 
0.5000 80.58 
0.5100 81.81 
0.5200 83.03 
0.5300 83.98 
0.5400 85.17 
0.5500 86.29 
0.5600 87.44 
0.5700 88.53 
0.5800 89.43 
0.5900 90.54 
0.6000 91.64 
0.6100 92.68 
0.6200 93.48 
0.6300 94.72 
0.6400 95.60 
0.6500 96.64 
0.6600 97.59 
0.6700 98.57 
0.6800 99.58 
0.6900 100.5 
0.7000 101.5 
0.7100 102.5 
0.7200 103.4 
0.7300 104.2 
0.7400 105.2 
0.7500 106.0 
0.7600 106.9 
0.7700 107.8 
0.7800 108.7 
0.7900 109.7 
0.8000 110.7 
0.8100 111.4 
0.8200 15.24 
0.8300 20.85 
0.8400 25.19 
0.8500 28.26 
0.8600 31.60 
0.8700 34.51 
0.8800 37.30 
0.8900 39.89 
0.9000 42.23 
0.9100 44.17 
0.9200 46.29 
0.9300 48.49 
0.9400 50.51 
0.9500 52.45 
0.9600 53.96 
0.9700 55.71 
0.9800 57.40 
0.9900 59.12 
1.0000 60.79 
1.0100 62.09 
1.0200 63.62 
1.0300 65.17 
1.0400 66.63 
1.0500 67.76 
1.0600 69.22 
1.0700 70.37 
1.0800 71.77 
1.0900 73.30 
1.1000 74.65 
1.1100 75.98 
1.1200 77.24 
1.1300 78.47 
1.1400 79.53 
1.1500 80.73 
1.1600 82.07 
1.1700 83.28 
1.1800 84.42 
1.1900 85.55 
1.2000 86.71 
1.2100 87.86 
1.2200 88.99 
1.2300 90.06 
1.2400 90.99 
1.2500 92.04 
1.2600 93.02 
1.2700 94.09 
1.2800 95.15 
1.2900 96.19 
1.3000 97.23 
1.3100 98.25 
1.3200 99.22 
1.3300 100.2 
1.3400 101.1 
1.3500 102.1 
1.3600 102.9 
1.3700 103.8 
1.3800 104.8 
1.3900 105.5 
1.4000 8 
1.4100 16.20 
1.4200 21.04 
1.4300 25.35 
1.4400 29.03 
1.4500 31.67 
1.4600 34.68 
1.4700 37.46 
1.4800 40.04 
1.4900 42.04 
1.5000 44.26 
1.5100 46.47 
1.5200 48.57 
1.5300 50.19 
1.5400 51.95 
1.5500 53.77 
1.5600 55.53 
1.5700 57.16 
1.5800 58.88 
1.5900 60.43 
1.6000 12.49 
1.6100 18.18 
1.6200 22.01 
1.6300 26.77 
1.6400 30.15 
1.6500 33.18 
1.6600 35.96 
1.6700 38.14 
1.6800 10.58 
1.6900 18.12 
1.7000 22.42 
1.7100 26.51 
1.7200 29.91 
1.7300 13.35 
1.7400 19.09 
1.7500 22.86 
1.7600 26.88 
1.7700 30.38 
1.7800 33.39 
1.7900 35.99 
1.8000 38.46 
1.8100 40.98 
1.8200 43.26 
1.8300 45.16 
1.8400 47.23 
1.8500 14.29 
1.8600 20.06 
1.8700 24.55 
1.8800 8 
1.8900 17.16 
1.9000 21.60 
1.9100 25.66 
1.9200 29.31 
1.9300 32.54 
1.9400 35.48 
1.9500 38.09 
1.9600 40.63 
1.9700 42.63 
1.9800 44.73 
1.9900 46.92 
0.01 21.72 
0.02 25.92 
0.0299 29.40 
0.0400 32.62 
0.0500 34.99 
0.0600 37.63 
0.0700 40.50 
0.0800 42.43 
0.0899 44.64 
0.0999 46.82 
0.1099 48.48 
0.1199 50.42 
0.1299 52.60 
0.1399 54.39 
0.1499 56.48 
0.16 57.88 
0.1700 59.52 
0.1800 61.18 
0.1900 62.66 
0.2000 12.41 
0.2100 1 
0.2200 2 
0.2300 2 
0.2400 2 
0.2500 2 
0.2600 2 
0.2700 2 
0.2800 2 
0.2900 2 
0.3000 2 
0.3100 2 
0.3200 2 
0.3300 2 
0.3400 2 
0.3500 2 
0.3600 2 
0.3700 2 
0.3800 2 
0.3900 2 
0.4000 2 
0.4100 2 
0.4200 9.676 
0.4300 9.533 
0.4400 17.07 
0.4500 20.23 
0.4600 24.69 
0.4700 28.46 
0.4800 31.65 
0.4900 34.67 
0.5000 37.44 
0.5100 40.02 
0.5200 42.36 
0.5300 44.56 
0.5400 8 
0.5500 17.16 
0.5600 21.04 
0.5700 25.35 
0.5800 29.03 
0.5900 32.04 
0.6000 35.03 
0.6100 37.67 
0.6200 39.64 
0.6300 14.01 
0.6400 19.61 
0.6500 22.42 
0.6600 26.96 
0.6700 30.05 
0.6800 32.60 
0.6900 35.42 
0.7000 37.62 
0.7100 39.69 
0.7200 42.13 
0.7300 44.35 
0.7400 46.81 
0.7500 48.74 
0.7600 50.67 
0.7700 52.30 
0.7800 53.41 
0.7900 54.89 
0.8000 56.61 
0.8100 58.18 
0.8200 59.49 
0.8300 60.82 
0.8400 62.38 
0.8500 63.96 
0.8600 65.51 
0.8700 67.02 
0.8800 68.43 
0.8900 69.88 
0.9000 71.24 
0.9100 72.36 
0.9200 73.23 
0.9300 74.32 
0.9400 75.65 
0.9500 76.91 
0.9600 78.15 
0.9700 79.17 
0.9800 80.12 
0.9900 81.31 
1.0000 82.53 
1.0100 12.41 
1.0200 18.12 
1.0300 22.86 
1.0400 26.13 
1.0500 29.98 
1.0600 32.54 
1.0700 35.48 
1.0800 37.67 
1.0900 40.24 
1.1000 42.65 
1.1100 45.20 
1.1200 47.02 
1.1300 49.02 
1.1400 50.92 
1.1500 52.77 
1.1600 54.64 
1.1700 56.08 
1.1800 1 
1.1900 15.24 
1.2000 20.85 
1.2100 25.03 
1.2200 28.61 
1.2300 31.79 
1.2400 34.10 
1.2500 10.58 
1.2600 17.16 
1.2700 21.13 
1.2800 24.63 
1.2900 28.82 
1.3000 31.48 
1.3100 34.51 
1.3200 36.81 
1.3300 39.33 
1.3400 41.80 
1.3500 43.67 
1.3600 45.73 
1.3700 47.70 
1.3800 49.75 
1.3900 51.72 
1.4000 53.25 
1.4100 54.73 
1.4200 56.53 
1.4300 58.27 
1.4400 59.89 
1.4500 61.48 
1.4600 62.72 
1.4700 64.29 
1.4800 65.52 
1.4900 67.03 
1.5000 68.39 
1.5100 69.84 
1.5200 71.20 
1.5300 72.48 
1.5400 73.79 
1.5500 12.41 
1.5600 19.09 
1.5700 23.55 
1.5800 27.18 
1.5900 29.98 
1.6000 33.15 
1.6100 35.93 
1.6200 38.92 
1.6300 40.83 
1.6400 43.21 
1.6500 45.47 
1.6600 47.61 
1.6700 49.91 
1.6800 51.72 
1.6900 53.55 
1.7000 54.73 
1.7100 56.74 
1.7200 58.13 
1.7300 60.03 
1.7400 61.67 
1.7500 62.95 
1.7600 64.52 
1.7700 65.99 
1.7800 67.61 
1.7900 68.78 
1.8000 70.22 
1.8100 13.35 
1.8200 19.09 
1.8300 22.68 
1.8400 13.12 
1.8500 19.09 
1.8600 22.68 
1.8700 26.13 
1.8800 29.58 
1.8900 32.66 
1.9000 35.48 
1.9100 38.51 
1.9200 40.93 
1.9300 43.02 
1.9400 44.84 
1.9500 46.94 
1.9600 48.69 
1.9700 50.71 
1.9800 52.64 
1.9900 54.07 
0.01 22.27 
0.02 25.92 
0.0299 10.58 
0.0400 9.078 
0.0500 16.46 
0.0600 21.05 
0.0700 24.23 
0.0800 27.19 
0.0899 13.04 
0.0999 8 
0.1099 6.328 
0.1199 13.06 
0.1299 18.68 
0.1399 12.46 
0.1499 8.071 
0.16 14.34 
0.1700 20.10 
0.1800 23.54 
0.1900 26.57 
0.2000 29.70 
0.2100 31.91 
0.2200 34.44 
0.2300 36.58 
0.2400 38.40 
0.2500 12.57 
0.2600 18.29 
0.2700 21.18 
0.2800 13.35 
0.2900 18.07 
0.3000 13.16 
0.3100 18.86 
0.3200 11.36 
0.3300 16.11 
0.3400 20.63 
0.3500 2 
0.3600 14.29 
0.3700 19.09 
0.3800 13.24 
0.3900 18.04 
0.4000 22.40 
0.4100 5 
0.4200 12.25 
0.4300 17.50 
0.4400 11.71 
0.4500 9.188 
0.4600 7.082 
0.4700 12.99 
0.4800 17.17 
0.4900 12.26 
0.5000 17.22 
0.5100 20.46 
0.5200 14.08 
0.5300 18.83 
0.5400 22.90 
0.5500 25.55 
0.5600 12.09 
0.5700 18.18 
0.5800 21.46 
0.5900 25.39 
0.6000 28.37 
0.6100 30.80 
0.6200 12.17 
0.6300 17.90 
0.6400 1 
0.6500 14.29 
0.6600 18.99 
0.6700 22.68 
0.6800 26.58 
0.6900 29.75 
0.7000 1 
0.7100 14.36 
0.7200 19.14 
0.7300 22.90 
0.7400 26.62 
0.7500 28.72 
0.7600 30.96 
0.7700 4 
0.7800 14.29 
0.7900 12.22 
0.8000 16.24 
0.8100 20.00 
0.8200 12.17 
0.8300 11.86 
0.8400 9.078 
0.8500 16.21 
0.8600 20.08 
0.8700 24.40 
0.8800 11.04 
0.8900 16.98 
0.9000 21.65 
0.9100 24.91 
0.9200 27.80 
0.9300 11.49 
0.9400 18.07 
0.9500 21.55 
0.9600 24.83 
0.9700 12.65 
0.9800 10.98 
0.9900 10.85 
1.0000 17.32 
1.0100 22.10 
1.0200 25.15 
1.0300 28.71 
1.0400 31.25 
1.0500 12.41 
1.0600 17.16 
1.0700 22.51 
1.0800 25.51 
1.0900 13.12 
1.1000 18.77 
1.1100 23.08 
1.1200 13.35 
1.1300 18.12 
1.1400 22.51 
1.1500 25.51 
1.1600 13.35 
1.1700 18.99 
1.1800 23.38 
1.1900 27.11 
1.2000 11.04 
1.2100 8.216 
1.2200 15.62 
1.2300 20.35 
1.2400 23.97 
1.2500 13.35 
1.2600 18.07 
1.2700 10.63 
1.2800 16.23 
1.2900 19.99 
1.3000 13.12 
1.3100 18.83 
1.3200 11.49 
1.3300 18.12 
1.3400 22.51 
1.3500 25.82 
1.3600 13.35 
1.3700 8 
1.3800 15.31 
1.3900 19.04 
1.4000 3.244 
1.4100 5.053 
1.4200 12.18 
1.4300 16.99 
1.4400 20.46 
1.4500 15.69 
1.4600 20.26 
1.4700 11.75 
1.4800 16.01 
1.4900 6 
1.5000 4 
1.5100 11.99 
1.5200 17.50 
1.5300 21.17 
1.5400 25.15 
1.5500 28.01 
1.5600 31.25 
1.5700 33.48 
1.5800 35.36 
1.5900 36.97 
1.6000 38.97 
1.6100 12.17 
1.6200 17.04 
1.6300 21.55 
1.6400 24.01 
1.6500 11.31 
1.6600 17.04 
1.6700 11.67 
1.6800 17.34 
1.6900 20.99 
1.7000 23.85 
1.7100 12.97 
1.7200 18.45 
1.7300 14.67 
1.7400 10.96 
1.7500 16.45 
1.7600 20.99 
1.7700 12.97 
1.7800 18.12 
1.7900 21.04 
1.8000 24.87 
1.8100 27.76 
1.8200 30.77 
1.8300 14.36 
1.8400 19.81 
1.8500 24.14 
1.8600 27.11 
1.8700 29.58 
1.8800 31.92 
1.8900 10.58 
1.9000 11.48 
1.9100 18.06 
1.9200 21.78 
1.9300 24.62 
1.9400 27.97 
1.9500 31.22 
1.9600 33.45 
1.9700 35.53 
1.9800 14.08 
1.9900 18.83 
0.01 8 
0.02 16.20 
0.0299 2 
0.0400 14.19 
0.0500 19.99 
0.0600 24.08 
0.0700 27.05 
0.0800 10.29 
0.0899 15.17 
0.0999 20.70 
0.1099 24.59 
0.1199 28.23 
0.1299 1 
0.1399 15.24 
0.1499 9.853 
0.16 15.15 
0.1700 19.59 
0.1800 22.93 
0.1900 13.12 
0.2000 18.12 
0.2100 22.68 
0.2200 25.78 
0.2300 1 
0.2400 14.98 
0.2500 19.81 
0.2600 4 
0.2700 14.08 
0.2800 10.36 
0.2900 8.623 
0.3000 9.101 
0.3100 14.67 
0.3200 18.37 
0.3300 22.84 
0.3400 26.56 
0.3500 12.17 
0.3600 18.77 
0.3700 21.83 
0.3800 24.91 
0.3900 27.76 
0.4000 11.04 
0.4100 15.04 
0.4200 9.062 
0.4300 14.16 
0.4400 18.99 
0.4500 6.099 
0.4600 12.64 
0.4700 17.44 
0.4800 21.08 
0.4900 10.68 
0.5000 16.32 
0.5100 20.16 
0.5200 23.64 
0.5300 1 
0.5400 13.35 
0.5500 18.23 
0.5600 21.78 
0.5700 25.66 
0.5800 29.44 
0.5900 32.42 
0.6000 34.57 
0.6100 36.59 
0.6200 14.01 
0.6300 17.73 
0.6400 12.50 
0.6500 17.28 
0.6600 11.27 
0.6700 4 
0.6800 13.40 
0.6900 11.07 
0.7000 16.64 
0.7100 20.47 
0.7200 24.56 
0.7300 27.15 
0.7400 29.72 
0.7500 33.04 
0.7600 13.72 
0.7700 11.72 
0.7800 15.48 
0.7900 20.00 
0.8000 24.12 
0.8100 28.25 
0.8200 30.43 
0.8300 32.07 
0.8400 35.16 
0.8500 37.39 
0.8600 39.17 
0.8700 41.55 
0.8800 11.04 
0.8900 8.437 
0.9000 14.20 
0.9100 4 
0.9200 13.73 
0.9300 19.31 
0.9400 23.72 
0.9500 12.17 
0.9600 18.01 
0.9700 21.55 
0.9800 24.01 
0.9900 15.11 
1.0000 7.204 
1.0100 12.98 
1.0200 19.41 
1.0300 22.33 
1.0400 26.44 
1.0500 29.31 
1.0600 32.17 
1.0700 11.04 
1.0800 15.04 
1.0900 20.51 
1.1000 25.07 
1.1100 27.51 
1.1200 15.69 
1.1300 19.66 
1.1400 2 
1.1500 15.24 
1.1600 20.80 
1.1700 12.17 
1.1800 9.967 
1.1900 17.31 
1.2000 21.21 
1.2100 25.18 
1.2200 27.89 
1.2300 30.50 
1.2400 32.41 
1.2500 11.04 
1.2600 9.253 
1.2700 15.87 
1.2800 20.79 
1.2900 24.01 
1.3000 8.018 
1.3100 4 
1.3200 11.21 
1.3300 10.36 
1.3400 15.29 
1.3500 11.32 
1.3600 15.51 
1.3700 20.17 
1.3800 23.77 
1.3900 27.18 
1.4000 30.38 
1.4100 32.54 
1.4200 34.92 
1.4300 37.57 
1.4400 39.84 
1.4500 41.32 
1.4600 43.03 
1.4700 44.40 
1.4800 46.60 
1.4900 1 
1.5000 15.31 
1.5100 19.91 
1.5200 23.03 
1.5300 26.13 
1.5400 12.17 
1.5500 17.90 
1.5600 21.13 
1.5700 24.14 
1.5800 27.55 
1.5900 12.17 
1.6000 17.04 
1.6100 21.69 
1.6200 11.49 
1.6300 17.16 
1.6400 20.80 
1.6500 24.01 
1.6600 4 
1.6700 8.506 
1.6800 16.03 
1.6900 20.71 
1.7000 24.27 
1.7100 11.04 
1.7200 17.56 
1.7300 22.10 
1.7400 24.67 
1.7500 28.16 
1.7600 30.38 
1.7700 32.91 
1.7800 35.17 
1.7900 37.16 
1.8000 13.12 
1.8100 18.77 
1.8200 22.33 
1.8300 11.04 
1.8400 16.01 
1.8500 20.01 
1.8600 12.41 
1.8700 18.12 
1.8800 22.51 
1.8900 24.87 
1.9000 27.62 
1.9100 30.90 
1.9200 33.57 
1.9300 13.12 
1.9400 18.88 
1.9500 11.04 
1.9600 17.56 
1.9700 20.41 
1.9800 10.58 
1.9900 1 
0.01 5.123 
0.02 5.123 
0.0299 7.390 
0.0400 7.390 
0.0500 7.390 
0.0600 7.390 
0.0700 7.390 
0.0800 7.390 
0.0899 7.390 
0.0999 7.390 
0.1099 7.390 
0.1199 7.390 
0.1299 7.390 
0.1399 7.390 
0.1499 7.390 
0.16 7.390 
0.1700 7.390 
0.1800 7.390 
0.1900 7.390 
0.2000 7.390 
0.2100 7.390 
0.2200 7.390 
0.2300 2 
0.2400 5.053 
0.2500 5.053 
0.2600 5.053 
0.2700 5.053 
0.2800 5.053 
0.2900 5.053 
0.3000 5.053 
0.3100 5.053 
0.3200 5.053 
0.3300 5.053 
0.3400 5.053 
0.3500 5.053 
0.3600 5.053 
0.3700 5.053 
0.3800 5.053 
0.3900 5.053 
0.4000 5.053 
0.4100 5.053 
0.4200 5.053 
0.4300 5.053 
0.4400 3.553 
0.4500 7.062 
0.4600 12.58 
0.4700 4 
0.4800 11.98 
0.4900 8.506 
0.5000 14.10 
0.5100 17.97 
0.5200 10.50 
0.5300 9.468 
0.5400 14.21 
0.5500 10.45 
0.5600 14.48 
0.5700 8.437 
0.5800 5.577 
0.5900 11.39 
0.6000 9.468 
0.6100 14.21 
0.6200 8.317 
0.6300 5.688 
0.6400 1 
0.6500 5.123 
0.6600 7.479 
0.6700 5.392 
0.6800 11.30 
0.6900 10.08 
0.7000 1 
0.7100 10.11 
0.7200 14.78 
0.7300 5.123 
0.7400 5.688 
0.7500 5.688 
0.7600 5.688 
0.7700 5.688 
0.7800 5.688 
0.7900 5.688 
0.8000 5.688 
0.8100 5.688 
0.8200 5.688 
0.8300 5.688 
0.8400 5.688 
0.8500 5.688 
0.8600 5.688 
0.8700 5.688 
0.8800 5.688 
0.8900 5.688 
0.9000 5.688 
0.9100 5.688 
0.9200 5.688 
0.9300 5.688 
0.9400 7.022 
0.9500 2.9 
0.9600 4.164 
0.9700 10.69 
0.9800 1 
0.9900 8.336 
1.0000 8.044 
1.0100 12.53 
1.0200 4 
1.0300 12.14 
1.0400 8.018 
1.0500 5.319 
1.0600 10.81 
1.0700 14.46 
1.0800 9.062 
1.0900 12.01 
1.1000 10.02 
1.1100 8.216 
1.1200 5.625 
1.1300 12.98 
1.1400 9.616 
1.1500 1 
1.1600 8.489 
1.1700 5.577 
1.1800 7.577 
1.1900 4.708 
1.2000 7.612 
1.2100 6.422 
1.2200 7.112 
1.2300 5.507 
1.2400 11.00 
1.2500 7.362 
1.2600 1 
1.2700 8.411 
1.2800 6.968 
1.2900 6.519 
1.3000 8.950 
1.3100 13.51 
1.3200 9.967 
1.3300 14.34 
1.3400 17.99 
1.3500 10.69 
1.3600 5.930 
1.3700 8.692 
1.3800 8.692 
1.3900 8.692 
1.4000 8.692 
1.4100 8.692 
1.4200 8.692 
1.4300 8.692 
1.4400 8.692 
1.4500 8.692 
1.4600 8.692 
1.4700 8.692 
1.4800 8.692 
1.4900 8.692 
1.5000 8.692 
1.5100 8.692 
1.5200 8.692 
1.5300 8.692 
1.5400 8.692 
1.5500 8.692 
1.5600 8.692 
1.5700 6.968 
1.5800 4 
1.5900 10.08 
1.6000 7.709 
1.6100 5.392 
1.6200 3.834 
1.6300 10.57 
1.6400 4 
1.6500 5.123 
1.6600 11.36 
1.6700 9.361 
1.6800 14.14 
1.6900 9.062 
1.7000 13.21 
1.7100 8.317 
1.7200 12.22 
1.7300 10.32 
1.7400 7.443 
1.7500 5.975 
1.7600 5.392 
1.7700 11.21 
1.7800 16.00 
1.7900 20.55 
1.8000 10.68 
1.8100 12.41 
1.8200 6.034 
1.8300 11.53 
1.8400 16.23 
1.8500 19.78 
1.8600 10.82 
1.8700 15.08 
1.8800 9.45 
1.8900 5.688 
1.9000 7.343 
1.9100 12.01 
1.9200 9.404 
1.9300 14.17 
1.9400 1 
1.9500 10.50 
1.9600 14.51 
1.9700 8.317 
1.9800 7.577 
1.9900 12.64 
0.01 4 
0.02 8 
0.0299 8 
0.0400 8 
0.0500 8 
0.0600 8 
0.0700 8 
0.0800 8 
0.0899 8 
0.0999 8 
0.1099 8 
0.1199 8 
0.1299 8 
0.1399 8 
0.1499 8 
0.16 8 
0.1700 8 
0.1800 8 
0.1900 8 
0.2000 8 
0.2100 8 
0.2200 5.123 
0.2300 7.253 
0.2400 9.101 
0.2500 10.04 
0.2600 10.04 
0.2700 10.04 
0.2800 10.04 
0.2900 10.04 
0.3000 10.04 
0.3100 10.04 
0.3200 10.04 
0.3300 10.04 
0.3400 10.04 
0.3500 10.04 
0.3600 10.04 
0.3700 10.04 
0.3800 10.04 
0.3900 10.04 
0.4000 10.04 
0.4100 10.04 
0.4200 10.04 
0.4300 10.04 
0.4400 10.04 
0.4500 2 
0.4600 2 
0.4700 2 
0.4800 2 
0.4900 2 
0.5000 2 
0.5100 2 
0.5200 2 
0.5300 2 
0.5400 2 
0.5500 2 
0.5600 2 
0.5700 2 
0.5800 2 
0.5900 2 
0.6000 2 
0.6100 2 
0.6200 2 
0.6300 2 
0.6400 2 
0.6500 2 
0.6600 2 
0.6700 2 
0.6800 2 
0.6900 2 
0.7000 2 
0.7100 2 
0.7200 2 
0.7300 2 
0.7400 2 
0.7500 2 
0.7600 2 
0.7700 2 
0.7800 2 
0.7900 2 
0.8000 2 
0.8100 2 
0.8200 2 
0.8300 2 
0.8400 2 
0.8500 1 
0.8600 2 
0.8700 2 
0.8800 2 
0.8900 2 
0.9000 2 
0.9100 2 
0.9200 2 
0.9300 2 
0.9400 2 
0.9500 2 
0.9600 2 
0.9700 2 
0.9800 2 
0.9900 2 
1.0000 2 
1.0100 2 
1.0200 2 
1.0300 2 
1.0400 2 
1.0500 2 
1.0600 2 
1.0700 2 
1.0800 2 
1.0900 2 
1.1000 2 
1.1100 2 
1.1200 2 
1.1300 2 
1.1400 2 
1.1500 2 
1.1600 2 
1.1700 2 
1.1800 2 
1.1900 2 
1.2000 2 
1.2100 2 
1.2200 2 
1.2300 2 
1.2400 2 
1.2500 2 
1.2600 2 
1.2700 2 
1.2800 2 
1.2900 2 
1.3000 2 
1.3100 2 
1.3200 2 
1.3300 2 
1.3400 2 
1.3500 2 
1.3600 2 
1.3700 2 
1.3800 2 
1.3900 2 
1.4000 2 
1.4100 2 
1.4200 2 
1.4300 2 
1.4400 2 
1.4500 2 
1.4600 2 
1.4700 2 
1.4800 2 
1.4900 2 
1.5000 2 
1.5100 2 
1.5200 2 
1.5300 2 
1.5400 2 
1.5500 2 
1.5600 2 
1.5700 2 
1.5800 2 
1.5900 2 
1.6000 2 
1.6100 2 
1.6200 2 
1.6300 2 
1.6400 2 
1.6500 2 
1.6600 1 
1.6700 1 
1.6800 1 
1.6900 1 
1.7000 1 
1.7100 1 
1.7200 1 
1.7300 1 
1.7400 1 
1.7500 1 
1.7600 1 
1.7700 1 
1.7800 1 
1.7900 1 
1.8000 1 
1.8100 1 
1.8200 1 
1.8300 1 
1.8400 1 
1.8500 1 
1.8600 1 
1.8700 1 
1.8800 1 
1.8900 1 
1.9000 1 
1.9100 1 
1.9200 1 
1.9300 1 
1.9400 1 
1.9500 1 
1.9600 1 
1.9700 1 
1.9800 1 
1.9900 1 
0.01 7.306 
0.02 8.411 
0.0299 9.533 
0.0400 5.053 
0.0500 3.553 
0.0600 11.74 
0.0700 2 
0.0800 9.281 
0.0899 10.28 
0.0999 16.06 
0.1099 19.75 
0.1199 10.68 
0.1299 9.078 
0.1399 6.143 
0.1499 9.282 
0.16 15.25 
0.1700 10.25 
0.1800 9.468 
0.1900 14.21 
0.2000 9.172 
0.2100 6.263 
0.2200 10.37 
0.2300 5.319 
0.2400 5.319 
0.2500 11.62 
0.2600 9.511 
0.2700 7.306 
0.2800 5.123 
0.2900 6.034 
0.3000 5.123 
0.3100 7.479 
0.3200 14.02 
0.3300 18.67 
0.3400 23.81 
0.3500 10.68 
0.3600 5.123 
0.3700 11.36 
0.3800 17.07 
0.3900 8 
0.4000 7.709 
0.4100 5.251 
0.4200 6.034 
0.4300 7.479 
0.4400 14.02 
0.4500 9.763 
0.4600 5.123 
0.4700 2.9 
0.4800 5.251 
0.4900 7.789 
0.5000 7.112 
0.5100 11.70 
0.5200 6.034 
0.5300 13.23 
0.5400 17.13 
0.5500 1 
0.5600 11.04 
0.5700 14.08 
0.5800 11.29 
0.5900 4 
0.6000 11.29 
0.6100 7.142 
0.6200 14.13 
0.6300 2 
0.6400 12.29 
0.6500 16.47 
0.6600 9.281 
0.6700 14.23 
0.6800 1 
0.6900 7.390 
0.7000 10.21 
0.7100 14.98 
0.7200 10.45 
0.7300 4.847 
0.7400 6.770 
0.7500 10.30 
0.7600 15.05 
0.7700 9.389 
0.7800 7.082 
0.7900 12.83 
0.8000 1 
0.8100 12.34 
0.8200 5.123 
0.8300 5.251 
0.8400 5.251 
0.8500 6.770 
0.8600 4.404 
0.8700 10.69 
0.8800 10.28 
0.8900 9.678 
0.9000 1 
0.9100 11.15 
0.9200 3 
0.9300 12.31 
0.9400 8.317 
0.9500 9.211 
0.9600 7.966 
0.9700 4.404 
0.9800 10.21 
0.9900 4.404 
1.0000 9.062 
1.0100 16.45 
1.0200 9.853 
1.0300 15.15 
1.0400 9.062 
1.0500 12.58 
1.0600 11.25 
1.0700 9.404 
1.0800 1 
1.0900 6.770 
1.1000 8.044 
1.1100 4.847 
1.1200 4.847 
1.1300 4.847 
1.1400 4.847 
1.1500 4.847 
1.1600 4.847 
1.1700 4.847 
1.1800 4.847 
1.1900 4.847 
1.2000 4.847 
1.2100 4.847 
1.2200 4.847 
1.2300 4.847 
1.2400 4.847 
1.2500 4.847 
1.2600 4.847 
1.2700 4.847 
1.2800 4.847 
1.2900 4.847 
1.3000 4.847 
1.3100 2 
1.3200 7.612 
1.3300 14.02 
1.3400 5 
1.3500 14.98 
1.3600 18.73 
1.3700 21.42 
1.3800 12.41 
1.3900 10.32 
1.4000 9.468 
1.4100 11.62 
1.4200 17.24 
1.4300 19.83 
1.4400 1 
1.4500 3.553 
1.4600 8.090 
1.4700 13.78 
1.4800 8.317 
1.4900 5.123 
1.5000 11.62 
1.5100 10.37 
1.5200 6.143 
1.5300 10.21 
1.5400 3 
1.5500 6.519 
1.5600 5.251 
1.5700 11.59 
1.5800 9.404 
1.5900 6.879 
1.6000 1 
1.6100 5.123 
1.6200 5.053 
1.6300 4.339 
1.6400 9.142 
1.6500 9.427 
1.6600 16.10 
1.6700 9.601 
1.6800 8.018 
1.6900 6.730 
1.7000 7.253 
1.7100 6.099 
1.7200 1 
1.7300 7.709 
1.7400 2 
1.7500 4.164 
1.7600 12.18 
1.7700 10.51 
1.7800 2 
1.7900 2.9 
1.8000 10.66 
1.8100 15.03 
1.8200 19.70 
1.8300 23.76 
1.8400 11.83 
1.8500 15.76 
1.8600 9.111 
1.8700 14.19 
1.8800 9.45 
1.8900 8.506 
1.9000 9.361 
1.9100 8.216 
1.9200 11.36 
1.9300 1 
1.9400 11.72 
1.9500 8.623 
1.9600 7.709 
1.9700 8.647 
1.9800 4.631 
1.9900 7.165 
0.01 16 
0.02 16 
0.0299 16 
0.0400 16 
0.0500 16 
0.0600 16 
0.0700 16 
0.0800 16 
0.0899 16 
0.0999 16 
0.1099 16 
0.1199 16 
0.1299 16 
0.1399 16 
0.1499 16 
0.16 16 
0.1700 16 
0.1800 16 
0.1900 16 
0.2000 16 
0.2100 2 
0.2200 9.808 
0.2300 11.59 
0.2400 1 
0.2500 7.224 
0.2600 8.143 
0.2700 8.143 
0.2800 8.143 
0.2900 8.143 
0.3000 8.143 
0.3100 8.143 
0.3200 8.143 
0.3300 8.143 
0.3400 8.143 
0.3500 8.143 
0.3600 8.143 
0.3700 8.143 
0.3800 8.143 
0.3900 8.143 
0.4000 8.143 
0.4100 8.143 
0.4200 8.143 
0.4300 8.143 
0.4400 8.143 
0.4500 8.143 
0.4600 9.211 
0.4700 15.79 
0.4800 21.44 
0.4900 24.89 
0.5000 27.92 
0.5100 31.30 
0.5200 34.23 
0.5300 36.49 
0.5400 38.93 
0.5500 40.94 
0.5600 43.31 
0.5700 45.56 
0.5800 47.71 
0.5900 14.29 
0.6000 19.91 
0.6100 23.72 
0.6200 27.62 
0.6300 30.90 
0.6400 33.98 
0.6500 36.70 
0.6600 39.33 
0.6700 41.80 
0.6800 43.58 
0.6900 45.73 
0.7000 47.87 
0.7100 49.51 
0.7200 51.49 
0.7300 53.40 
0.7400 55.04 
0.7500 56.76 
0.7600 11.49 
0.7700 18.12 
0.7800 22.86 
0.7900 26.88 
0.8000 29.58 
0.8100 33.27 
0.8200 36.15 
0.8300 38.30 
0.8400 40.83 
0.8500 43.21 
0.8600 45.38 
0.8700 47.45 
0.8800 49.43 
0.8900 51.33 
0.9000 4 
0.9100 17.16 
0.9200 21.97 
0.9300 25.19 
0.9400 29.44 
0.9500 32.17 
0.9600 35.14 
0.9700 37.88 
0.9800 40.44 
0.9900 42.37 
1.0000 44.49 
1.0100 14.29 
1.0200 19.91 
1.0300 23.72 
1.0400 27.62 
1.0500 31.54 
1.0600 34.45 
1.0700 37.24 
1.0800 39.84 
1.0900 41.80 
1.1000 44.13 
1.1100 46.34 
1.1200 48.36 
1.1300 50.23 
1.1400 52.18 
1.1500 13.35 
1.1600 19.91 
1.1700 23.72 
1.1800 13.35 
1.1900 19.09 
1.2000 23.72 
1.2100 26.73 
1.2200 30.25 
1.2300 33.27 
1.2400 35.79 
1.2500 38.48 
1.2600 41.00 
1.2700 43.37 
1.2800 45.18 
1.2900 47.34 
1.3000 1 
1.3100 14.29 
1.3200 20.06 
1.3300 24.55 
1.3400 28.19 
1.3500 31.54 
1.3600 34.57 
1.3700 36.81 
1.3800 39.43 
1.3900 41.80 
1.4000 44.13 
1.4100 45.73 
1.4200 47.87 
1.4300 49.91 
1.4400 51.49 
1.4500 53.40 
1.4600 55.16 
1.4700 56.88 
1.4800 58.34 
1.4900 60.03 
1.5000 61.67 
1.5100 62.95 
1.5200 64.52 
1.5300 66.05 
1.5400 67.55 
1.5500 68.96 
1.5600 70.34 
1.5700 71.47 
1.5800 72.82 
1.5900 74.18 
1.6000 75.41 
1.6100 76.73 
1.6200 77.71 
1.6300 78.99 
1.6400 80.20 
1.6500 81.43 
1.6600 82.46 
1.6700 83.61 
1.6800 84.75 
1.6900 85.88 
1.7000 87.04 
1.7100 88.13 
1.7200 89.23 
1.7300 90.30 
1.7400 91.40 
1.7500 92.44 
1.7600 93.30 
1.7700 94.37 
1.7800 95.38 
1.7900 96.40 
1.8000 97.39 
1.8100 98.58 
1.8200 99.38 
1.8300 100.3 
1.8400 101.3 
1.8500 102.3 
1.8600 103.1 
1.8700 104.0 
1.8800 13.35 
1.8900 19.91 
1.9000 24.39 
1.9100 27.62 
1.9200 31.03 
1.9300 34.10 
1.9400 36.81 
1.9500 39.33 
1.9600 41.80 
1.9700 44.03 
1.9800 45.82 
1.9900 47.95 
0.01 20 
0.02 22.89 
0.0299 24.17 
0.0400 26.38 
0.0500 5 
0.0600 12.33 
0.0700 12.49 
0.0800 12.49 
0.0899 12.49 
0.0999 12.49 
0.1099 12.49 
0.1199 12.49 
0.1299 12.49 
0.1399 12.49 
0.1499 12.49 
0.16 12.49 
0.1700 12.49 
0.1800 12.49 
0.1900 12.49 
0.2000 12.49 
0.2100 12.49 
0.2200 12.49 
0.2300 12.49 
0.2400 12.49 
0.2500 12.49 
0.2600 12.49 
0.2700 7.362 
0.2800 10.61 
0.2900 11.51 
0.3000 11.51 
0.3100 11.51 
0.3200 11.51 
0.3300 11.51 
0.3400 11.51 
0.3500 11.51 
0.3600 11.51 
0.3700 11.51 
0.3800 11.51 
0.3900 11.51 
0.4000 11.51 
0.4100 11.51 
0.4200 11.51 
0.4300 11.51 
0.4400 11.51 
0.4500 11.51 
0.4600 11.51 
0.4700 11.51 
0.4800 11.51 
0.4900 10.08 
0.5000 16.55 
0.5100 22.05 
0.5200 25.42 
0.5300 28.96 
0.5400 31.47 
0.5500 34.39 
0.5600 37.08 
0.5700 39.68 
0.5800 41.65 
0.5900 14.29 
0.6000 20.01 
0.6100 24.18 
0.6200 27.44 
0.6300 31.25 
0.6400 33.72 
0.6500 36.56 
0.6600 38.59 
0.6700 40.61 
0.6800 42.91 
0.6900 45.18 
0.7000 46.83 
0.7100 48.92 
0.7200 50.92 
0.7300 52.85 
0.7400 54.56 
0.7500 56.37 
0.7600 57.77 
0.7700 59.34 
0.7800 60.94 
0.7900 62.56 
0.8000 1 
0.8100 14.29 
0.8200 20.06 
0.8300 24.22 
0.8400 27.91 
0.8500 31.16 
0.8600 34.10 
0.8700 37.24 
0.8800 39.43 
0.8900 41.89 
0.9000 44.22 
0.9100 46.59 
0.9200 48.69 
0.9300 50.31 
0.9400 52.26 
0.9500 53.77 
0.9600 55.53 
0.9700 57.23 
0.9800 58.68 
0.9900 10.58 
1.0000 18.07 
1.0100 21.97 
1.0200 25.97 
1.0300 29.31 
1.0400 32.29 
1.0500 34.57 
1.0600 37.35 
1.0700 39.84 
1.0800 42.27 
1.0900 44.13 
1.1000 12.97 
1.1100 19.35 
1.1200 23.16 
1.1300 26.17 
1.1400 29.07 
1.1500 12.41 
1.1600 18.12 
1.1700 22.86 
1.1800 26.13 
1.1900 29.58 
1.2000 32.11 
1.2100 35.17 
1.2200 37.48 
1.2300 40.36 
1.2400 42.77 
1.2500 45.22 
1.2600 46.62 
1.2700 14.29 
1.2800 19.09 
1.2900 23.72 
1.3000 26.73 
1.3100 30.64 
1.3200 33.63 
1.3300 35.82 
1.3400 38.51 
1.3500 40.93 
1.3600 12.41 
1.3700 18.07 
1.3800 22.64 
1.3900 11.04 
1.4000 17.56 
1.4100 22.28 
1.4200 26.24 
1.4300 29.54 
1.4400 32.14 
1.4500 35.00 
1.4600 12.00 
1.4700 18.50 
1.4800 23.16 
1.4900 26.24 
1.5000 29.81 
1.5100 33.00 
1.5200 35.79 
1.5300 38.48 
1.5400 40.90 
1.5500 43.19 
1.5600 44.71 
1.5700 1 
1.5800 14.29 
1.5900 19.14 
1.6000 23.59 
1.6100 26.77 
1.6200 30.28 
1.6300 33.06 
1.6400 35.96 
1.6500 38.54 
1.6600 40.95 
1.6700 42.86 
1.6800 45.13 
1.6900 47.30 
1.7000 48.96 
1.7100 50.88 
1.7200 52.74 
1.7300 54.45 
1.7400 56.19 
1.7500 57.87 
1.7600 59.37 
1.7700 60.84 
1.7800 62.46 
1.7900 63.98 
1.8000 65.52 
1.8100 67.03 
1.8200 68.16 
1.8300 69.55 
1.8400 70.92 
1.8500 72.31 
1.8600 73.41 
1.8700 16.01 
1.8800 21.65 
1.8900 25.07 
1.9000 28.79 
1.9100 12.41 
1.9200 19.09 
1.9300 23.55 
1.9400 27.47 
1.9500 30.77 
1.9600 33.27 
1.9700 36.15 
1.9800 38.82 
1.9900 40.83 
0.01 4 
0.02 16 
0.0299 21.54 
0.0400 22.45 
0.0500 1 
0.0600 1 
0.0700 1 
0.0800 1 
0.0899 1 
0.0999 1 
0.1099 1 
0.1199 1 
0.1299 1 
0.1399 1 
0.1499 1 
0.16 1 
0.1700 1 
0.1800 1 
0.1900 1 
0.2000 1 
0.2100 1 
0.2200 1 
0.2300 1 
0.2400 1 
0.2500 3.553 
0.2600 5.928 
0.2700 3.333 
0.2800 6.770 
0.2900 6.770 
0.3000 6.770 
0.3100 6.770 
0.3200 6.770 
0.3300 6.770 
0.3400 6.770 
0.3500 6.770 
0.3600 6.770 
0.3700 6.770 
0.3800 6.770 
0.3900 6.770 
0.4000 6.770 
0.4100 6.770 
0.4200 6.770 
0.4300 6.770 
0.4400 6.770 
0.4500 6.770 
0.4600 6.770 
0.4700 6.770 
0.4800 2 
0.4900 11.24 
0.5000 17.91 
0.5100 22.38 
0.5200 13.12 
0.5300 18.83 
0.5400 1 
0.5500 13.12 
0.5600 9.281 
0.5700 13.21 
0.5800 17.22 
0.5900 22.65 
0.6000 25.63 
0.6100 29.27 
0.6200 12.00 
0.6300 18.50 
0.6400 22.19 
0.6500 25.39 
0.6600 28.37 
0.6700 30.80 
0.6800 33.63 
0.6900 35.93 
0.7000 37.99 
0.7100 39.94 
0.7200 42.18 
0.7300 44.22 
0.7400 10.29 
0.7500 16.98 
0.7600 21.27 
0.7700 24.75 
0.7800 28.33 
0.7900 31.41 
0.8000 13.86 
0.8100 18.61 
0.8200 4 
0.8300 6.328 
0.8400 12.83 
0.8500 18.41 
0.8600 22.02 
0.8700 25.08 
0.8800 28.52 
0.8900 1 
0.9000 14.08 
0.9100 18.34 
0.9200 11.54 
0.9300 10.37 
0.9400 8.143 
0.9500 15.52 
0.9600 20.08 
0.9700 23.90 
0.9800 26.89 
0.9900 29.72 
1.0000 32.79 
1.0100 34.92 
1.0200 37.01 
1.0300 39.19 
1.0400 41.66 
1.0500 43.72 
1.0600 45.51 
1.0700 47.66 
1.0800 49.55 
1.0900 51.07 
1.1000 52.99 
1.1100 54.48 
1.1200 10.29 
1.1300 5 
1.1400 13.22 
1.1500 18.03 
1.1600 22.61 
1.1700 25.44 
1.1800 27.55 
1.1900 30.58 
1.2000 8.000 
1.2100 7.362 
1.2200 12.19 
1.2300 17.97 
1.2400 21.47 
1.2500 25.40 
1.2600 13.86 
1.2700 19.45 
1.2800 21.92 
1.2900 25.78 
1.3000 28.08 
1.3100 31.19 
1.3200 33.66 
1.3300 35.85 
1.3400 37.80 
1.3500 40.29 
1.3600 42.41 
1.3700 43.78 
1.3800 45.92 
1.3900 47.89 
1.4000 11.04 
1.4100 5.507 
1.4200 8.000 
1.4300 14.44 
1.4400 19.92 
1.4500 22.38 
1.4600 11.49 
1.4700 7.498 
1.4800 15.90 
1.4900 20.37 
1.5000 22.34 
1.5100 25.36 
1.5200 28.76 
1.5300 11.49 
1.5400 7.224 
1.5500 14.59 
1.5600 19.31 
1.5700 1 
1.5800 15.04 
1.5900 19.71 
1.6000 10.58 
1.6100 12.16 
1.6200 17.89 
1.6300 22.98 
1.6400 26.24 
1.6500 29.13 
1.6600 15.69 
1.6700 20.41 
1.6800 24.34 
1.6900 26.70 
1.7000 2 
1.7100 14.29 
1.7200 18.99 
1.7300 23.42 
1.7400 27.07 
1.7500 30.28 
1.7600 11.04 
1.7700 15.76 
1.7800 20.41 
1.7900 22.86 
1.8000 27.18 
1.8100 4 
1.8200 16.20 
1.8300 12.01 
1.8400 18.46 
1.8500 13.76 
1.8600 17.48 
1.8700 1 
1.8800 13.35 
1.8900 18.29 
1.9000 22.10 
1.9100 25.94 
1.9200 29.00 
1.9300 15.04 
1.9400 9.389 
1.9500 14.16 
1.9600 9.967 
1.9700 14.82 
1.9800 19.39 
1.9900 11.04 
0.01 16 
0.02 16 
0.0299 16 
0.0400 16 
0.0500 16 
0.0600 16 
0.0700 16 
0.0800 16 
0.0899 16 
0.0999 16 
0.1099 16 
0.1199 16 
0.1299 16 
0.1399 16 
0.1499 16 
0.16 16 
0.1700 16 
0.1800 16 
0.1900 16 
0.2000 16 
0.2100 1 
0.2200 9.910 
0.2300 9.910 
0.2400 9.910 
0.2500 9.910 
0.2600 9.910 
0.2700 9.910 
0.2800 9.910 
0.2900 9.910 
0.3000 9.910 
0.3100 9.910 
0.3200 9.910 
0.3300 9.910 
0.3400 9.910 
0.3500 9.910 
0.3600 9.910 
0.3700 9.910 
0.3800 9.910 
0.3900 9.910 
0.4000 9.910 
0.4100 9.910 
0.4200 4 
0.4300 9.142 
0.4400 15.62 
0.4500 20.25 
0.4600 23.54 
0.4700 27.32 
0.4800 11.04 
0.4900 16.62 
0.5000 19.35 
0.5100 22.60 
0.5200 25.90 
0.5300 29.10 
0.5400 31.60 
0.5500 11.49 
0.5600 17.22 
0.5700 21.55 
0.5800 25.31 
0.5900 28.86 
0.6000 10.68 
0.6100 18.12 
0.6200 22.64 
0.6300 26.40 
0.6400 29.13 
0.6500 32.60 
0.6600 35.08 
0.6700 37.62 
0.6800 39.56 
0.6900 41.82 
0.7000 44.06 
0.7100 45.84 
0.7200 47.80 
0.7300 49.77 
0.7400 51.04 
0.7500 52.81 
0.7600 54.60 
0.7700 55.69 
0.7800 57.39 
0.7900 58.42 
0.8000 14.08 
0.8100 9.014 
0.8200 10.14 
0.8300 1 
0.8400 1 
0.8500 11.03 
0.8600 10.08 
0.8700 17.15 
0.8800 21.31 
0.8900 25.11 
0.9000 28.12 
0.9100 30.83 
0.9200 14.77 
0.9300 20.89 
0.9400 25.07 
0.9500 27.80 
0.9600 30.54 
0.9700 33.42 
0.9800 14.50 
0.9900 20.06 
1.0000 13.04 
1.0100 18.34 
1.0200 21.97 
1.0300 25.78 
1.0400 13.12 
1.0500 18.88 
1.0600 22.19 
1.0700 26.77 
1.0800 29.48 
1.0900 32.08 
1.1000 34.48 
1.1100 11.75 
1.1200 17.90 
1.1300 11.54 
1.1400 18.15 
1.1500 21.81 
1.1600 25.69 
1.1700 28.63 
1.1800 31.30 
1.1900 34.12 
1.2000 10.86 
1.2100 13.79 
1.2200 19.25 
1.2300 13.98 
1.2400 18.59 
1.2500 22.93 
1.2600 25.25 
1.2700 11.04 
1.2800 16.80 
1.2900 20.46 
1.3000 23.89 
1.3100 27.33 
1.3200 29.85 
1.3300 14.08 
1.3400 19.66 
1.3500 23.25 
1.3600 27.07 
1.3700 30.41 
1.3800 31.19 
1.3900 34.04 
1.4000 13.20 
1.4100 18.88 
1.4200 22.06 
1.4300 1 
1.4400 14.98 
1.4500 19.61 
1.4600 23.47 
1.4700 26.81 
1.4800 12.97 
1.4900 18.50 
1.5000 21.37 
1.5100 25.15 
1.5200 1 
1.5300 14.29 
1.5400 19.09 
1.5500 24.22 
1.5600 27.91 
1.5700 30.90 
1.5800 33.72 
1.5900 36.10 
1.6000 11.23 
1.6100 7.142 
1.6200 10.01 
1.6300 14.23 
1.6400 18.99 
1.6500 11.04 
1.6600 16.38 
1.6700 20.21 
1.6800 23.68 
1.6900 15.69 
1.7000 19.40 
1.7100 24.67 
1.7200 27.58 
1.7300 30.21 
1.7400 32.75 
1.7500 35.68 
1.7600 37.54 
1.7700 40.01 
1.7800 41.77 
1.7900 11.04 
1.8000 15.04 
1.8100 19.66 
1.8200 23.34 
1.8300 26.99 
1.8400 13.86 
1.8500 19.30 
1.8600 22.95 
1.8700 26.96 
1.8800 30.71 
1.8900 33.09 
1.9000 35.87 
1.9100 11.04 
1.9200 8.071 
1.9300 7.443 
1.9400 14.00 
1.9500 8.950 
1.9600 16.27 
1.9700 20.90 
1.9800 23.60 
1.9900 27.22 
