0.01 28.8799 
0.02 29.2800 
0.0299 29.1306 
0.0400 22.0599 
0.0500 17.648 
0.0600 14.7066 
0.0700 12.6057 
0.0800 11.0299 
0.0899 9.80444 
0.0999 8.82399 
0.1099 8.02181 
0.1199 7.35333 
0.1299 6.78769 
0.1399 6.30285 
0.1499 5.88266 
0.16 5.51499 
0.1700 5.19058 
0.1800 4.90222 
0.1900 4.64421 
0.2000 4.41199 
0.2100 4.20190 
0.2200 4.01090 
0.2300 3.83652 
0.2400 3.67666 
0.2500 3.52959 
0.2600 3.39384 
0.2700 3.26814 
0.2800 3.15142 
0.2900 3.04275 
0.3000 2.94133 
0.3100 2.84645 
0.3200 2.75749 
0.3300 2.67393 
0.3400 2.59529 
0.3500 2.52114 
0.3600 2.45111 
0.3700 2.38486 
0.3800 2.32210 
0.3900 2.26256 
0.4000 2.20599 
0.4100 2.15219 
0.4200 2.10095 
0.4300 2.05209 
0.4400 2.00545 
0.4500 1.96088 
0.4600 1.91826 
0.4700 1.87744 
0.4800 1.83833 
0.4900 1.80081 
0.5000 1.76479 
0.5100 1.73019 
0.5200 1.69692 
0.5300 1.66490 
0.5400 1.63407 
0.5500 1.60436 
0.5600 1.57571 
0.5700 1.54807 
0.5800 1.52137 
0.5900 1.49559 
0.6000 1.47066 
0.6100 1.44655 
0.6200 1.42322 
0.6300 1.40063 
0.6400 1.37874 
0.6500 1.35753 
0.6600 1.33696 
0.6700 1.31701 
0.6800 1.29764 
0.6900 1.27884 
0.7000 1.26057 
0.7100 1.24281 
0.7200 1.22555 
0.7300 1.20876 
0.7400 1.19243 
0.7500 1.17653 
0.7600 1.16105 
0.7700 1.14597 
0.7800 1.13128 
0.7900 1.11696 
0.8000 1.10299 
0.8100 1.08938 
0.8200 1.07609 
0.8300 1.06313 
0.8400 1.05047 
0.8500 1.03811 
0.8600 1.02604 
0.8700 1.01425 
0.8800 1.00272 
0.8900 0.99146 
0.9000 0.98044 
0.9100 0.96967 
0.9200 0.95913 
0.9300 0.94881 
0.9400 0.93872 
0.9500 0.92884 
0.9600 0.91916 
0.9700 0.90969 
0.9800 0.90040 
0.9900 0.89131 
1.0000 0.88239 
1.0100 0.87366 
1.0200 0.86509 
1.0300 0.85669 
1.0400 0.84846 
1.0500 0.84038 
1.0600 0.83245 
1.0700 0.82467 
1.0800 0.81703 
1.0900 0.80954 
1.1000 0.80218 
1.1100 0.79495 
1.1200 0.78785 
1.1300 0.78088 
1.1400 0.77403 
1.1500 0.76730 
1.1600 0.76068 
1.1700 0.75418 
1.1800 0.74779 
1.1900 0.74151 
1.2000 0.73533 
1.2100 0.72925 
1.2200 0.72327 
1.2300 0.71739 
1.2400 0.71161 
1.2500 0.70591 
1.2600 0.70031 
1.2700 0.69480 
1.2800 0.68937 
1.2900 0.68403 
1.3000 0.67876 
1.3100 0.67358 
1.3200 0.66848 
1.3300 0.66345 
1.3400 0.65850 
1.3500 0.65362 
1.3600 0.64882 
1.3700 0.64408 
1.3800 0.63942 
1.3900 0.63482 
1.4000 0.63028 
1.4100 0.62581 
1.4200 0.62140 
1.4300 0.61706 
1.4400 0.61277 
1.4500 0.60855 
1.4600 0.60438 
1.4700 0.60027 
1.4800 0.59621 
1.4900 0.59221 
1.5000 0.58826 
1.5100 0.58437 
1.5200 0.58052 
1.5300 0.57673 
1.5400 0.57298 
1.5500 0.56929 
1.5600 0.56564 
1.5700 0.56203 
1.5800 0.55848 
1.5900 0.55496 
1.6000 0.55149 
1.6100 0.54807 
1.6200 0.54469 
1.6300 0.54134 
1.6400 0.53804 
1.6500 0.53478 
1.6600 0.53156 
1.6700 0.52838 
1.6800 0.52523 
1.6900 0.52213 
1.7000 0.51905 
1.7100 0.51602 
1.7200 0.51302 
1.7300 0.51005 
1.7400 0.50712 
1.7500 0.50422 
1.7600 0.50136 
1.7700 0.49853 
1.7800 0.49573 
1.7900 0.49296 
1.8000 0.49022 
1.8100 0.48751 
1.8200 0.48483 
1.8300 0.48218 
1.8400 0.47956 
1.8500 0.47697 
1.8600 0.47440 
1.8700 0.47187 
1.8800 0.46936 
1.8900 0.46687 
1.9000 0.46442 
1.9100 0.46198 
1.9200 0.45958 
1.9300 0.45720 
1.9400 0.45484 
1.9500 0.45251 
1.9600 0.45020 
1.9700 0.44791 
1.9800 0.44565 
1.9900 0.44341 
2.0000 0.44119 
2.0100 0.43900 
2.0200 0.43683 
2.0300 0.43467 
2.0400 0.43254 
2.0500 0.43043 
2.0600 0.42834 
2.0699 0.42628 
2.0799 0.42423 
2.0899 0.42220 
2.0999 0.42019 
2.1099 0.41819 
2.1199 0.41622 
2.1299 0.41427 
2.1399 0.41233 
2.1499 0.41041 
2.1599 0.40851 
2.1699 0.40663 
2.1799 0.40477 
2.1899 0.40292 
2.1999 0.40109 
2.2099 0.39927 
2.2199 0.39747 
2.2299 0.39569 
2.2399 0.39392 
2.2499 0.39217 
2.2599 0.39044 
2.2699 0.38872 
2.2799 0.38701 
2.2899 0.38532 
2.2999 0.38365 
2.3099 0.38199 
2.3199 0.38034 
2.3299 0.37871 
2.3399 0.37709 
2.3499 0.37548 
2.3599 0.37389 
2.3699 0.37232 
2.3799 0.37075 
2.3899 0.36920 
2.3999 0.36766 
2.4099 0.36614 
2.4199 0.36462 
2.4299 0.36312 
2.4399 0.36163 
2.4499 0.36016 
2.4599 0.35869 
2.4699 0.35724 
2.4799 0.35580 
2.4899 0.35437 
2.4999 0.35296 
2.5099 0.35155 
2.5199 0.35015 
2.5299 0.34877 
2.5399 0.34740 
2.5499 0.34603 
2.5599 0.34468 
2.5699 0.34334 
2.5799 0.34201 
2.5899 0.34069 
2.5999 0.33938 
2.6099 0.33808 
2.6199 0.33679 
2.6299 0.33551 
2.6399 0.33424 
2.6499 0.33298 
2.6599 0.33172 
2.6699 0.33048 
2.6799 0.32925 
2.6899 0.32802 
2.6999 0.32681 
2.7099 0.32560 
2.7199 0.32441 
2.7299 0.32322 
2.7399 0.32204 
2.7499 0.32087 
2.7599 0.31971 
2.7699 0.31855 
2.7799 0.31741 
2.7899 0.31627 
2.7999 0.31514 
2.8099 0.31402 
2.8199 0.31290 
2.8299 0.31180 
2.8399 0.31070 
2.8499 0.30961 
2.8599 0.30853 
2.8699 0.30745 
2.8799 0.30638 
2.8899 0.30532 
2.8999 0.30427 
2.9099 0.30323 
2.9199 0.30219 
2.9299 0.30116 
2.9399 0.30013 
2.9499 0.29911 
2.9599 0.29810 
2.9699 0.29710 
2.9799 0.29610 
2.9899 0.29511 
2.9999 0.29413 
3.0099 0.29315 
3.0199 0.29218 
3.0299 0.29122 
3.0399 0.29026 
3.0499 0.28931 
3.0599 0.28836 
3.0699 0.28742 
3.0799 0.28649 
3.0899 0.28556 
3.0999 0.28464 
3.1099 0.28372 
3.1199 0.28282 
3.1299 0.28191 
3.1399 0.28101 
3.1499 0.28012 
3.1599 0.27924 
3.1699 0.27835 
3.1799 0.27748 
3.1899 0.27661 
3.1999 0.27575 
3.2099 0.27489 
3.2199 0.27403 
3.2299 0.27318 
3.2399 0.27234 
3.2499 0.27150 
3.2599 0.27067 
3.2699 0.26984 
3.2799 0.26902 
3.2899 0.26820 
3.2999 0.26739 
3.3099 0.26658 
3.3199 0.26578 
3.3299 0.26498 
3.3399 0.26419 
3.3499 0.26340 
3.3599 0.26261 
3.3699 0.26183 
3.3799 0.26106 
3.3899 0.26029 
3.3999 0.25952 
3.4099 0.25876 
3.4199 0.25801 
3.4299 0.25725 
3.4399 0.25651 
3.4499 0.25576 
3.4599 0.25502 
3.4699 0.25429 
3.4799 0.25356 
3.4899 0.25283 
3.4999 0.25211 
3.5099 0.25139 
3.5199 0.25068 
3.5299 0.24997 
3.5399 0.24926 
3.5499 0.24856 
3.5599 0.24786 
3.5699 0.24717 
3.5799 0.24648 
3.5899 0.24579 
3.5999 0.24511 
3.6099 0.24443 
3.6199 0.24375 
3.6299 0.24308 
3.6399 0.24241 
3.6499 0.24175 
3.6599 0.24109 
3.6699 0.24043 
3.6799 0.23978 
3.6899 0.23913 
3.6999 0.23848 
3.7099 0.23784 
3.7199 0.23720 
3.7299 0.23656 
3.7399 0.23593 
3.7499 0.23530 
3.7599 0.23468 
3.7699 0.23405 
3.7799 0.23343 
3.7899 0.23282 
3.7999 0.23221 
3.8099 0.23160 
3.8199 0.23099 
3.8299 0.23039 
3.8399 0.22979 
3.8499 0.22919 
3.8599 0.22860 
3.8699 0.22801 
3.8799 0.22742 
3.8899 0.22683 
3.8999 0.22625 
3.9099 0.22567 
3.9199 0.22510 
3.9299 0.22452 
3.9399 0.22395 
3.9499 0.22339 
3.9599 0.22282 
3.9699 0.22226 
3.9799 0.22170 
3.9899 0.22115 
3.9999 0.22060 
4.0099 0.22004 
4.0199 0.21950 
4.0299 0.21895 
4.0399 0.21841 
4.0499 0.21787 
4.0599 0.21733 
4.0699 0.21680 
4.0799 0.21627 
4.0899 0.21574 
4.0999 0.21521 
4.1099 0.21469 
4.1199 0.21417 
4.1299 0.21365 
4.1399 0.21314 
4.1499 0.21262 
4.1599 0.21211 
4.1699 0.21160 
4.1799 0.21110 
4.1899 0.21059 
4.1999 0.21009 
4.2099 0.20959 
4.2199 0.20909 
4.2299 0.20860 
4.2399 0.20811 
4.2499 0.20762 
4.2599 0.20713 
4.2699 0.20665 
4.2799 0.20616 
4.2899 0.20568 
4.2999 0.20520 
4.3099 0.20473 
4.3199 0.20425 
4.3299 0.20378 
4.3399 0.20331 
4.3499 0.20285 
4.3599 0.20238 
4.3699 0.20192 
4.3799 0.20146 
4.3899 0.20100 
4.3999 0.20054 
4.4099 0.20009 
4.4199 0.19963 
4.4299 0.19918 
4.4399 0.19873 
4.4499 0.19829 
4.4599 0.19784 
4.4699 0.19740 
4.4799 0.19696 
4.4899 0.19652 
4.4999 0.19608 
4.5099 0.19565 
4.5199 0.19522 
4.5299 0.19479 
4.5399 0.19436 
4.5499 0.19393 
4.5599 0.19350 
4.5699 0.19308 
4.5799 0.19266 
4.5899 0.19224 
4.5999 0.19182 
4.6099 0.19140 
4.6199 0.19099 
4.6299 0.19058 
4.6399 0.19017 
4.6499 0.18976 
4.6599 0.18935 
4.6699 0.18895 
4.6799 0.18854 
4.6899 0.18814 
4.6999 0.18774 
4.7099 0.18734 
4.7199 0.18694 
4.7299 0.18655 
4.7399 0.18616 
4.7499 0.18576 
4.7599 0.18537 
4.7699 0.18498 
4.7799 0.18460 
4.7899 0.18421 
4.7999 0.18383 
4.8099 0.18345 
4.8199 0.18307 
4.8299 0.18269 
4.8399 0.18231 
4.8499 0.18193 
4.8599 0.18156 
4.8699 0.18119 
4.8799 0.18081 
4.8899 0.18044 
4.8999 0.18008 
4.9099 0.17971 
4.9199 0.17934 
4.9299 0.17898 
4.9399 0.17862 
4.9499 0.17826 
4.9599 0.17790 
4.9699 0.17754 
4.9799 0.17718 
4.9899 0.17683 
4.9999 0.17648 
0.01 33.9679 
0.02 37.3359 
0.0299 39.5893 
0.0400 40.7160 
0.0500 35.9647 
0.0600 32.7973 
0.0700 33.3211 
0.0800 34.1379 
0.0899 35.8097 
0.0999 33.5008 
0.1099 32.1512 
0.1199 32.2986 
0.1299 33.4018 
0.1399 33.6205 
0.1499 34.4885 
0.16 34.0820 
0.1700 33.5237 
0.1800 33.3573 
0.1900 33.2976 
0.2000 32.8623 
0.2100 32.9531 
0.2200 33.4210 
0.2300 33.9589 
0.2400 34.6639 
0.2500 34.5663 
0.2600 34.4110 
0.2700 34.1416 
0.2800 34.4365 
0.2900 34.3310 
0.3000 33.4693 
0.3100 33.1009 
0.3200 32.8879 
0.3300 32.6366 
0.3400 33.1232 
0.3500 32.7826 
0.3600 32.6022 
0.3700 32.4544 
0.3800 31.7566 
0.3900 31.8338 
0.4000 31.8223 
0.4100 32.4526 
0.4200 32.0030 
0.4300 32.1462 
0.4400 32.5527 
0.4500 32.4323 
0.4600 32.5937 
0.4700 33.0369 
0.4800 33.5499 
0.4900 33.2806 
0.5000 32.9033 
0.5100 33.0396 
0.5200 32.9913 
0.5300 32.8329 
0.5400 32.7745 
0.5500 33.0882 
0.5600 32.9365 
0.5700 32.9538 
0.5800 33.1897 
0.5900 33.2021 
0.6000 33.1717 
0.6100 33.1005 
0.6200 32.9633 
0.6300 33.2612 
0.6400 33.0462 
0.6500 32.8509 
0.6600 33.0213 
0.6700 33.3385 
0.6800 33.4343 
0.6900 33.2324 
0.7000 32.9636 
0.7100 32.9174 
0.7200 33.0962 
0.7300 33.2236 
0.7400 33.0841 
0.7500 33.2761 
0.7600 33.5077 
0.7700 33.5241 
0.7800 33.3444 
0.7900 33.0940 
0.8000 33.0513 
0.8100 33.0097 
0.8200 33.1036 
0.8300 33.0214 
0.8400 33.0321 
0.8500 33.1024 
0.8600 32.8950 
0.8700 32.8678 
0.8800 32.9376 
0.8900 32.8915 
0.9000 32.7615 
0.9100 32.5972 
0.9200 32.5563 
0.9300 32.6348 
0.9400 32.4139 
0.9500 32.0727 
0.9600 31.7386 
0.9700 31.4114 
0.9800 31.0909 
0.9900 30.7768 
1.0000 30.4691 
1.0100 30.1674 
1.0200 29.8716 
1.0300 29.5816 
1.0400 29.2972 
1.0500 29.0182 
1.0600 28.7444 
1.0700 28.4758 
1.0800 28.2121 
1.0900 27.9533 
1.1000 27.6991 
1.1100 27.4496 
1.1200 27.2045 
1.1300 26.9638 
1.1400 26.8314 
1.1500 26.9225 
1.1600 27.0852 
1.1700 27.0349 
1.1800 27.0932 
1.1900 27.1150 
1.2000 27.1434 
1.2100 27.2134 
1.2200 27.3866 
1.2300 27.5707 
1.2400 27.8612 
1.2500 27.8690 
1.2600 28.1189 
1.2700 28.2648 
1.2800 28.3619 
1.2900 28.2933 
1.3000 28.3039 
1.3100 28.2886 
1.3200 28.2541 
1.3300 28.4944 
1.3400 28.4399 
1.3500 28.3926 
1.3600 28.4894 
1.3700 28.4485 
1.3800 28.3653 
1.3900 28.2405 
1.4000 28.2993 
1.4100 28.2309 
1.4200 28.3307 
1.4300 28.3460 
1.4400 28.2493 
1.4500 28.2942 
1.4600 28.2050 
1.4700 28.2554 
1.4800 28.3796 
1.4900 28.4510 
1.5000 28.5100 
1.5100 28.4616 
1.5200 28.3915 
1.5300 28.5053 
1.5400 28.5790 
1.5500 28.6189 
1.5600 28.5768 
1.5700 28.5244 
1.5800 28.6176 
1.5900 28.7629 
1.6000 28.7103 
1.6100 28.7216 
1.6200 28.6752 
1.6300 28.7542 
1.6400 28.7805 
1.6500 28.8528 
1.6600 28.9599 
1.6700 29.0709 
1.6800 29.0442 
1.6900 29.1785 
1.7000 29.1714 
1.7100 29.1694 
1.7200 29.2464 
1.7300 29.2048 
1.7400 29.2026 
1.7500 29.2490 
1.7600 29.2418 
1.7700 29.2251 
1.7800 29.2419 
1.7900 29.3628 
1.8000 29.2986 
1.8100 29.3101 
1.8200 29.3354 
1.8300 29.3697 
1.8400 29.4728 
1.8500 29.5152 
1.8600 29.4705 
1.8700 29.4716 
1.8800 29.4637 
1.8900 29.5187 
1.9000 29.5463 
1.9100 29.5159 
1.9200 29.5830 
1.9300 29.6407 
1.9400 29.6365 
1.9500 29.6585 
1.9600 29.7018 
1.9700 29.7620 
1.9800 29.6802 
1.9900 29.6461 
2.0000 29.6717 
2.0100 29.5578 
2.0200 29.6256 
2.0300 29.6885 
2.0400 29.6636 
2.0500 29.6512 
2.0600 29.7872 
2.0699 29.8318 
2.0799 29.8922 
2.0899 29.8019 
2.0999 29.8256 
2.1099 29.8490 
2.1199 29.8322 
2.1299 29.8116 
2.1399 29.8426 
2.1499 29.8182 
2.1599 29.8490 
2.1699 29.8443 
0.01 39.0560 
0.02 30.9759 
0.0299 35.3493 
0.0400 41.3519 
0.0500 38.5088 
0.0600 41.7013 
0.0700 42.5279 
0.0800 41.0279 
0.0899 38.9191 
0.0999 38.2496 
0.1099 38.0872 
0.1199 38.0226 
0.1299 37.8375 
0.1399 39.0720 
0.1499 39.1242 
0.16 39.8590 
0.1700 40.5072 
0.1800 40.5653 
0.1900 40.3494 
0.2000 39.6887 
0.2100 38.7276 
0.2200 38.5861 
0.2300 39.7474 
0.2400 39.3633 
0.2500 39.1116 
0.2600 39.1076 
0.2700 38.5072 
0.2800 38.2525 
0.2900 37.5768 
0.3000 37.3983 
0.3100 36.9579 
0.3200 36.7304 
0.3300 36.5168 
0.3400 36.4654 
0.3500 36.2473 
0.3600 35.7351 
0.3700 35.2735 
0.3800 34.8138 
0.3900 35.0736 
0.4000 35.1507 
0.4100 35.6378 
0.4200 35.2133 
0.4300 35.4001 
0.4400 35.2123 
0.4500 35.1836 
0.4600 34.8243 
0.4700 35.2381 
0.4800 34.8396 
0.4900 34.4747 
0.5000 34.3788 
0.5100 34.1370 
0.5200 33.9372 
0.5300 33.7289 
0.5400 34.0308 
0.5500 34.1829 
0.5600 33.9814 
0.5700 34.0844 
0.5800 34.3009 
0.5900 34.0070 
0.6000 34.0055 
0.6100 33.9485 
0.6200 34.2353 
0.6300 34.7014 
0.6400 34.9012 
0.6500 35.2514 
0.6600 35.1670 
0.6700 35.3762 
0.6800 35.3423 
0.6900 35.3954 
0.7000 35.3380 
0.7100 35.1628 
0.7200 35.0631 
0.7300 35.2333 
0.7400 35.1697 
0.7500 35.2435 
0.7600 35.5719 
0.7700 35.6276 
0.7800 35.2361 
0.7900 35.2731 
0.8000 35.1819 
0.8100 35.3758 
0.8200 35.2546 
0.8300 35.4020 
0.8400 35.7679 
0.8500 35.8659 
0.8600 35.8039 
0.8700 35.8309 
0.8800 35.7707 
0.8900 35.7213 
0.9000 36.0122 
0.9100 35.9613 
0.9200 35.9114 
0.9300 35.6985 
0.9400 35.7879 
0.9500 35.6879 
0.9600 35.7136 
0.9700 35.6689 
0.9800 35.7808 
0.9900 35.6593 
1.0000 35.7097 
1.0100 35.7172 
1.0200 35.6580 
1.0300 35.7564 
1.0400 35.6979 
1.0500 35.6487 
1.0600 35.8484 
1.0700 36.1078 
1.0800 36.0090 
1.0900 36.1065 
1.1000 35.8399 
1.1100 35.9372 
1.1200 35.8738 
1.1300 35.7289 
1.1400 35.7651 
1.1500 35.7933 
1.1600 35.8795 
1.1700 36.0367 
1.1800 35.9613 
1.1900 35.8016 
1.2000 35.8142 
1.2100 35.6864 
1.2200 35.7901 
1.2300 35.9128 
1.2400 35.9856 
1.2500 35.9148 
1.2600 35.7173 
1.2700 35.7966 
1.2800 35.7422 
1.2900 35.6952 
1.3000 35.8120 
1.3100 35.8558 
1.3200 35.6806 
1.3300 35.6354 
1.3400 35.6733 
1.3500 35.8487 
1.3600 36.0216 
1.3700 36.1053 
1.3800 36.0157 
1.3900 36.0250 
1.4000 36.1614 
1.4100 36.2117 
1.4200 36.1657 
1.4300 36.1441 
1.4400 36.2111 
1.4500 36.1309 
1.4600 36.1623 
1.4700 36.0951 
1.4800 36.1721 
1.4900 36.1399 
1.5000 36.0007 
1.5100 35.9476 
1.5200 35.8394 
1.5300 35.7160 
1.5400 35.6108 
1.5500 35.6381 
1.5600 35.6217 
1.5700 35.6109 
1.5800 35.5357 
1.5900 35.5363 
1.6000 35.4731 
1.6100 35.4477 
1.6200 35.4801 
1.6300 35.4966 
1.6400 35.3836 
1.6500 35.4312 
1.6600 35.4170 
1.6700 35.4131 
1.6800 35.4446 
1.6900 35.5460 
1.7000 35.4915 
1.7100 35.5369 
1.7200 35.6014 
1.7300 35.5868 
1.7400 35.5041 
1.7500 35.5048 
1.7600 35.6210 
1.7700 35.5731 
1.7800 35.4399 
1.7900 35.4315 
1.8000 35.3241 
1.8100 35.2789 
1.8200 35.2621 
1.8300 35.2594 
1.8400 35.2153 
1.8500 35.2633 
1.8600 35.2743 
1.8700 35.2308 
1.8800 35.2328 
1.8900 35.2438 
1.9000 35.1119 
1.9100 35.0346 
1.9200 34.9846 
1.9300 34.9396 
1.9400 34.9081 
1.9500 35.0030 
1.9600 34.8893 
1.9700 34.8672 
1.9800 34.7982 
1.9900 34.7895 
0.01 28.032 
0.02 35.2159 
0.0299 37.8933 
0.0400 43.0479 
0.0500 38.8479 
0.0600 42.1253 
0.0700 41.68 
0.0800 41.2399 
0.0899 41.3688 
0.0999 40.2848 
0.1099 39.1665 
0.1199 40.5666 
0.1299 39.3378 
0.1399 37.9817 
0.1499 38.1632 
0.16 38.3220 
0.1700 38.6616 
0.1800 38.0213 
0.1900 37.1359 
0.2000 37.1447 
0.2100 37.1527 
0.2200 38.2392 
0.2300 39.4156 
0.2400 39.6106 
0.2500 41.3164 
0.2600 41.4559 
0.2700 42.3075 
0.2800 42.0988 
0.2900 42.6648 
0.3000 43.5605 
0.3100 43.0307 
0.3200 43.4349 
0.3300 43.0952 
0.3400 42.6258 
0.3500 42.4013 
0.3600 42.8724 
0.3700 42.4012 
0.3800 42.2673 
0.3900 42.0750 
0.4000 42.0195 
0.4100 41.7186 
0.4200 41.5531 
0.4300 41.5333 
0.4400 41.2061 
0.4500 41.0819 
0.4600 40.7603 
0.4700 40.7591 
0.4800 40.4046 
0.4900 40.3761 
0.5000 40.3148 
0.5100 40.1063 
0.5200 39.6449 
0.5300 39.1209 
0.5400 39.1188 
0.5500 39.0859 
0.5600 39.1148 
0.5700 39.2915 
0.5800 39.5059 
0.5900 39.3968 
0.6000 39.6023 
0.6100 39.3424 
0.6200 39.4464 
0.6300 39.4933 
0.6400 39.4857 
0.6500 39.4523 
0.6600 39.0344 
0.6700 38.9580 
0.6800 38.6969 
0.6900 38.4310 
0.7000 38.3423 
0.7100 38.4473 
0.7200 38.8202 
0.7300 38.7647 
0.7400 38.5158 
0.7500 38.7146 
0.7600 38.8970 
0.7700 38.7883 
0.7800 39.1499 
0.7900 38.9871 
0.8000 38.7965 
0.8100 38.9981 
0.8200 38.8844 
0.8300 38.9472 
0.8400 39.4123 
0.8500 39.3876 
0.8600 39.3240 
0.8700 39.6908 
0.8800 39.5481 
0.8900 39.2372 
0.9000 39.2252 
0.9100 39.2321 
0.9200 39.0822 
0.9300 39.2911 
0.9400 39.2250 
0.9500 39.1334 
0.9600 39.1409 
0.9700 39.2357 
0.9800 39.3026 
0.9900 39.4881 
1.0000 39.3561 
1.0100 39.4786 
1.0200 39.6070 
1.0300 39.4942 
1.0400 39.3427 
1.0500 39.2345 
1.0600 39.1444 
1.0700 39.0639 
1.0800 39.1968 
1.0900 39.3429 
1.1000 39.5480 
1.1100 39.4362 
1.1200 39.3491 
1.1300 39.3536 
1.1400 39.4919 
1.1500 39.5909 
1.1600 39.5859 
1.1700 39.4505 
1.1800 39.3030 
1.1900 39.4787 
1.2000 39.3687 
1.2100 39.4148 
1.2200 39.4115 
1.2300 39.1807 
1.2400 39.1930 
1.2500 39.3543 
1.2600 39.3583 
1.2700 39.2687 
1.2800 39.1408 
1.2900 39.0741 
1.3000 39.0670 
1.3100 39.2608 
1.3200 39.2974 
1.3300 39.3909 
1.3400 39.3121 
1.3500 39.4606 
1.3600 39.5819 
1.3700 39.4602 
1.3800 39.3770 
1.3900 39.3987 
1.4000 39.3596 
1.4100 39.2789 
1.4200 39.2830 
1.4300 39.1921 
1.4400 39.2556 
1.4500 39.3007 
1.4600 39.2871 
1.4700 39.3140 
1.4800 39.3119 
1.4900 39.5945 
1.5000 39.6641 
1.5100 39.5530 
1.5200 39.6164 
1.5300 39.7122 
1.5400 39.8067 
1.5500 39.7250 
1.5600 39.6660 
1.5700 39.6510 
1.5800 39.7167 
1.5900 39.6963 
1.6000 39.8933 
1.6100 40.0617 
1.6200 40.0028 
1.6300 39.8666 
1.6400 39.7942 
1.6500 39.7278 
1.6600 39.6928 
1.6700 39.6328 
1.6800 39.6341 
1.6900 39.7860 
1.7000 39.7565 
1.7100 39.8463 
1.7200 40.0091 
1.7300 39.8317 
1.7400 39.9050 
1.7500 39.7981 
1.7600 39.8803 
1.7700 39.9377 
1.7800 39.9039 
1.7900 40.1168 
1.8000 40.2708 
1.8100 40.2544 
1.8200 40.2895 
1.8300 40.2825 
1.8400 40.3355 
1.8500 40.4200 
1.8600 40.4033 
1.8700 40.5410 
1.8800 40.6005 
1.8900 40.5427 
1.9000 40.5435 
1.9100 40.6509 
1.9200 40.6954 
1.9300 40.8140 
1.9400 40.6080 
1.9500 40.5302 
1.9600 40.4316 
1.9700 40.4761 
1.9800 40.4301 
1.9900 40.4400 
0.01 72.9759 
0.02 78.8880 
0.0299 76.3360 
0.0400 80.9959 
0.0500 81.7567 
0.0600 82.2639 
0.0700 80.2034 
0.0800 77.4920 
0.0899 79.4346 
0.0999 79.3776 
0.1099 79.5621 
0.1199 79.9986 
0.1299 80.3680 
0.1399 81.4114 
0.1499 80.7893 
0.16 80.7749 
0.1700 80.3632 
0.1800 80.1386 
0.1900 80.3839 
0.2000 79.7567 
0.2100 79.9969 
0.2200 80.2152 
0.2300 80.4146 
0.2400 80.5973 
0.2500 80.0870 
0.2600 80.2683 
0.2700 80.4675 
0.2800 80.4708 
0.2900 80.2399 
0.3000 80.6463 
0.3100 79.8229 
0.3200 79.8724 
0.3300 80.0218 
0.3400 79.6635 
0.3500 79.7133 
0.3600 79.8546 
0.3700 79.8966 
0.3800 80.0256 
0.3900 80.1481 
0.4000 80.0947 
0.4100 79.8786 
0.4200 79.9958 
0.4300 80.0286 
0.4400 80.1370 
0.4500 80.2407 
0.4600 80.2660 
0.4700 79.9656 
0.4800 80.0309 
0.4900 80.1283 
0.5000 80.1539 
0.5100 80.2450 
0.5200 80.3326 
0.5300 80.1289 
0.5400 80.1839 
0.5500 80.2062 
0.5600 80.2882 
0.5700 80.3079 
0.5800 80.3853 
0.5900 80.1871 
0.6000 80.2498 
0.6100 80.3244 
0.6200 80.2735 
0.6300 80.3453 
0.6400 80.4149 
0.6500 80.2215 
0.6600 80.4450 
0.6700 80.4088 
0.6800 80.4734 
0.6900 80.5484 
0.7000 80.4031 
0.7100 80.4651 
0.7200 80.5253 
0.7300 80.3515 
0.7400 80.4116 
0.7500 80.4701 
0.7600 80.5271 
0.7700 80.5385 
0.7800 80.5932 
0.7900 80.6894 
0.8000 80.7407 
0.8100 80.5082 
0.8200 80.4985 
0.8300 80.6014 
0.8400 80.6514 
0.8500 80.6802 
0.8600 80.6887 
0.8700 80.6970 
0.8800 80.5894 
0.8900 80.6367 
0.9000 80.6830 
0.9100 80.5418 
0.9200 80.5881 
0.9300 80.6334 
0.9400 80.6777 
0.9500 80.7211 
0.9600 80.7636 
0.9700 80.7353 
0.9800 80.6556 
0.9900 80.6461 
1.0000 80.6876 
1.0100 80.6948 
1.0200 80.5687 
1.0300 80.6098 
1.0400 80.6175 
1.0500 80.4877 
1.0600 80.5044 
1.0700 80.5445 
1.0800 80.5525 
1.0900 80.5526 
1.1000 80.5912 
1.1100 80.6291 
1.1200 80.6361 
1.1300 80.6729 
1.1400 80.6794 
1.1500 80.7152 
1.1600 80.6993 
1.1700 80.7053 
1.1800 80.7113 
1.1900 80.7171 
1.2000 80.7511 
1.2100 80.7846 
1.2200 80.8175 
1.2300 80.8499 
1.2400 80.7450 
1.2500 80.7503 
1.2600 80.8295 
1.2700 80.8608 
1.2800 80.8916 
1.2900 80.9219 
1.3000 80.9517 
1.3100 80.8775 
1.3200 80.9329 
1.3300 80.9110 
1.3400 80.9147 
1.3500 80.9435 
1.3600 80.9469 
1.3700 80.9503 
1.3800 80.8798 
1.3900 80.9080 
1.4000 80.7662 
1.4100 80.6926 
1.4200 80.6618 
1.4300 80.6907 
1.4400 80.7193 
1.4500 80.6305 
1.4600 80.6590 
1.4700 80.6872 
1.4800 80.8067 
1.4900 80.6399 
1.5000 80.6451 
1.5100 80.6726 
1.5200 80.6997 
1.5300 80.6822 
1.5400 80.5878 
1.5500 80.5931 
1.5600 80.6853 
1.5700 80.6899 
1.5800 80.7159 
1.5900 80.6989 
1.6000 80.6026 
1.6100 80.5602 
1.6200 80.5707 
1.6300 80.5759 
1.6400 80.5809 
1.6500 80.6425 
1.6600 80.6828 
1.6700 80.5196 
1.6800 80.4845 
1.6900 80.5000 
1.7000 80.5403 
1.7100 80.5652 
1.7200 80.4912 
1.7300 80.4769 
1.7400 80.4043 
1.7500 80.3276 
1.7600 80.3530 
1.7700 80.3782 
1.7800 80.4602 
1.7900 80.3849 
1.8000 80.4424 
1.8100 80.3728 
1.8200 80.3971 
1.8300 80.4212 
1.8400 80.3528 
1.8500 80.2852 
1.8600 80.3049 
1.8700 80.3289 
1.8800 80.2399 
1.8900 80.2596 
1.9000 80.2389 
1.9100 80.3160 
1.9200 80.3394 
1.9300 80.2746 
1.9400 80.2979 
1.9500 80.3210 
1.9600 80.3439 
1.9700 80.2761 
1.9800 80.3332 
1.9900 80.2875 
0.01 50.0799 
0.02 65.3199 
0.0299 70.6826 
0.0400 74.2120 
0.0500 75.6512 
0.0600 77.1759 
0.0700 77.7805 
0.0800 76.1140 
0.0899 77.0791 
0.0999 77.512 
0.1099 78.0974 
0.1199 78.0906 
0.1299 78.3458 
0.1399 79.5337 
0.1499 79.8848 
0.16 79.9799 
0.1700 79.2658 
0.1800 79.5733 
0.1900 79.6698 
0.2000 78.1455 
0.2100 77.3318 
0.2200 74.5490 
0.2300 71.3078 
0.2400 68.3366 
0.2500 65.6031 
0.2600 63.0799 
0.2700 60.7437 
0.2800 58.5742 
0.2900 56.5544 
0.3000 54.6693 
0.3100 52.9058 
0.3200 51.2524 
0.3300 49.6993 
0.3400 48.2376 
0.3500 46.8594 
0.3600 45.5577 
0.3700 44.3264 
0.3800 43.1599 
0.3900 42.0533 
0.4000 41.0019 
0.4100 40.0019 
0.4200 40.0186 
0.4300 40.2712 
0.4400 41.1098 
0.4500 41.6095 
0.4600 42.5485 
0.4700 43.4474 
0.4800 44.3089 
0.4900 45.1353 
0.5000 45.9286 
0.5100 46.3582 
0.5200 47.0323 
0.5300 47.8889 
0.5400 47.9128 
0.5500 48.5681 
0.5600 49.0637 
0.5700 49.6906 
0.5800 50.0620 
0.5900 50.5358 
0.6000 51.1069 
0.6100 51.6036 
0.6200 52.0843 
0.6300 52.2940 
0.6400 52.9344 
0.6500 52.9420 
0.6600 53.3219 
0.6700 53.6905 
0.6800 53.8487 
0.6900 54.2972 
0.7000 54.6361 
0.7100 54.6309 
0.7200 55.0499 
0.7300 55.5969 
0.7400 55.9457 
0.7500 56.2399 
0.7600 56.6157 
0.7700 56.7615 
0.7800 56.7731 
0.7900 56.9883 
0.8000 57.2935 
0.8100 57.3609 
0.8200 57.4577 
0.8300 57.6952 
0.8400 57.8664 
0.8500 58.1833 
0.8600 58.4928 
0.8700 58.9511 
0.8800 59.2449 
0.8900 59.4939 
0.9000 59.5866 
0.9100 59.6773 
0.9200 59.6186 
0.9300 59.7070 
0.9400 59.9739 
0.9500 60.1995 
0.9600 60.4204 
0.9700 60.4969 
0.9800 60.7103 
0.9900 60.7481 
1.0000 60.9886 
1.0100 61.0312 
1.0200 61.3058 
1.0300 61.3610 
1.0400 61.5212 
1.0500 61.7106 
1.0600 61.9284 
1.0700 61.9837 
1.0800 62.1949 
1.0900 62.4023 
1.1000 62.5751 
1.1100 62.7753 
1.1200 62.9417 
1.1300 62.9850 
1.1400 63.1392 
1.1500 63.2980 
1.1600 63.4834 
1.1700 63.6366 
1.1800 63.5644 
1.1900 63.7001 
1.2000 63.8830 
1.2100 64.0279 
1.2200 64.2815 
1.2300 64.3105 
1.2400 64.3184 
1.2500 64.1702 
1.2600 64.3878 
1.2700 64.3014 
1.2800 64.4351 
1.2900 64.5404 
1.3000 64.6897 
1.3100 64.7914 
1.3200 64.8595 
1.3300 64.8819 
1.3400 65.0305 
1.3500 65.0513 
1.3600 65.2464 
1.3700 65.3644 
1.3800 65.5052 
1.3900 65.5220 
1.4000 65.5386 
1.4100 65.5549 
1.4200 65.6904 
1.4300 65.8241 
1.4400 65.9558 
1.4500 66.0390 
1.4600 66.1269 
1.4700 66.1616 
1.4800 66.2875 
1.4900 66.4118 
1.5000 66.3987 
1.5100 66.4981 
1.5200 66.5962 
1.5300 66.6930 
1.5400 66.8546 
1.5500 66.8008 
1.5600 66.9433 
1.5700 67.0517 
1.5800 67.0996 
1.5900 67.1896 
1.6000 67.3208 
1.6100 67.4083 
1.6200 67.5576 
1.6300 67.5385 
1.6400 67.6438 
1.6500 67.7477 
1.6600 67.8505 
1.6700 67.9316 
1.6800 68.0119 
1.6900 68.0911 
1.7000 68.0896 
1.7100 68.1874 
1.7200 68.2445 
1.7300 68.3010 
1.7400 68.3958 
1.7500 68.4895 
1.7600 68.4859 
1.7700 68.5589 
1.7800 68.6882 
1.7900 68.7782 
1.8000 68.7730 
1.8100 68.8241 
1.8200 68.9072 
1.8300 68.8828 
1.8400 68.8080 
1.8500 68.8761 
1.8600 68.8660 
1.8700 68.9512 
1.8800 68.9363 
1.8900 68.9933 
1.9000 69.1479 
1.9100 69.2121 
1.9200 69.2579 
1.9300 69.2858 
1.9400 69.2783 
1.9500 69.3579 
1.9600 69.4194 
1.9700 69.4975 
1.9800 69.5062 
1.9900 69.5490 
0.01 69.5840 
0.02 72.1039 
0.0299 65.3119 
0.0400 61.7040 
0.0500 63.7791 
0.0600 65.8693 
0.0700 65.1817 
0.0800 64.6659 
0.0899 64.7360 
0.0999 65.6400 
0.1099 63.9127 
0.1199 63.1800 
0.1299 64.1255 
0.1399 63.6640 
0.1499 64.2250 
0.16 63.5499 
0.1700 64.7501 
0.1800 64.7333 
0.1900 65.4324 
0.2000 66.0615 
0.2100 65.6617 
0.2200 65.9149 
0.2300 65.2612 
0.2400 65.0153 
0.2500 64.6534 
0.2600 64.6455 
0.2700 64.0414 
0.2800 63.7834 
0.2900 63.7478 
0.3000 63.1493 
0.3100 63.6015 
0.3200 62.8859 
0.3300 63.0618 
0.3400 63.3519 
0.3500 62.9229 
0.3600 62.9182 
0.3700 62.7303 
0.3800 62.4408 
0.3900 62.8184 
0.4000 62.8591 
0.4100 62.4842 
0.4200 61.8445 
0.4300 61.7079 
0.4400 61.5003 
0.4500 61.1701 
0.4600 60.8173 
0.4700 60.5879 
0.4800 60.4386 
0.4900 60.0705 
0.5000 60.1071 
0.5100 59.9429 
0.5200 59.7359 
0.5300 60.1129 
0.5400 60.1460 
0.5500 60.0855 
0.5600 59.5728 
0.5700 59.7178 
0.5800 59.8725 
0.5900 60.1800 
0.6000 60.3642 
0.6100 60.3199 
0.6200 59.7984 
0.6300 60.2222 
0.6400 60.1292 
0.6500 59.9869 
0.6600 60.3115 
0.6700 60.4112 
0.6800 60.5204 
0.6900 60.6879 
0.7000 60.6932 
0.7100 60.7461 
0.7200 60.6797 
0.7300 60.9985 
0.7400 60.9993 
0.7500 60.8418 
0.7600 60.7888 
0.7700 60.7262 
0.7800 60.7304 
0.7900 60.5843 
0.8000 60.3039 
0.8100 60.2714 
0.8200 60.1982 
0.8300 60.1881 
0.8400 60.0066 
0.8500 60.1985 
0.8600 60.3466 
0.8700 60.4327 
0.8800 60.2181 
0.8900 60.2085 
0.9000 60.3875 
0.9100 60.5812 
0.9200 60.6601 
0.9300 60.5276 
0.9400 60.7678 
0.9500 60.7351 
0.9600 60.7738 
0.9700 60.6281 
0.9800 60.6411 
0.9900 60.4568 
1.0000 60.6239 
1.0100 60.8129 
1.0200 60.9816 
1.0300 61.0153 
1.0400 61.0483 
1.0500 61.1775 
1.0600 61.2964 
1.0700 61.4606 
1.0800 61.5511 
1.0900 61.3676 
1.1000 61.5112 
1.1100 61.6370 
1.1200 61.6394 
1.1300 61.6567 
1.1400 61.7779 
1.1500 61.7790 
1.1600 61.8313 
1.1700 61.9986 
1.1800 62.1271 
1.1900 62.1609 
1.2000 61.9255 
1.2100 61.7081 
1.2200 61.8140 
1.2300 61.8974 
1.2400 61.9454 
1.2500 61.9043 
1.2600 61.9178 
1.2700 61.9244 
1.2800 61.9374 
1.2900 62.0095 
1.3000 61.9108 
1.3100 61.9432 
1.3200 61.9236 
1.3300 62.0828 
1.3400 62.2081 
1.3500 62.2247 
1.3600 62.2472 
1.3700 62.2695 
1.3800 62.3406 
1.3900 62.3802 
1.4000 62.2071 
1.4100 62.0246 
1.4200 61.9521 
1.4300 62.0288 
1.4400 62.0044 
1.4500 61.9394 
1.4600 62.1076 
1.4700 61.9677 
1.4800 61.9501 
1.4900 61.7904 
1.5000 61.6555 
1.5100 61.5842 
1.5200 61.7202 
1.5300 61.7324 
1.5400 61.7281 
1.5500 61.7456 
1.5600 61.8716 
1.5700 61.8881 
1.5800 61.8237 
1.5900 61.7443 
1.6000 61.7611 
1.6100 61.7199 
1.6200 61.6478 
1.6300 61.7430 
1.6400 61.7181 
1.6500 61.5393 
1.6600 61.5875 
1.6700 61.5285 
1.6800 61.5761 
1.6900 61.5831 
1.7000 61.5999 
1.7100 61.5323 
1.7200 61.5394 
1.7300 61.6199 
1.7400 61.5095 
1.7500 61.5214 
1.7600 61.5814 
1.7700 61.5736 
1.7800 61.6374 
1.7900 61.5726 
1.8000 61.5509 
1.8100 61.6606 
1.8200 61.6386 
1.8300 61.5891 
1.8400 61.6922 
1.8500 61.7850 
1.8600 61.7993 
1.8700 61.7863 
1.8800 61.8546 
1.8900 61.7517 
1.9000 61.6453 
1.9100 61.7577 
1.9200 61.8291 
1.9300 61.8163 
1.9400 61.8649 
1.9500 61.8955 
1.9600 61.9604 
1.9700 61.8870 
1.9800 61.8228 
1.9900 61.9212 
0.01 45.8399 
0.02 58.1119 
0.0299 59.6586 
0.0400 61.7040 
0.0500 63.7791 
0.0600 66.4346 
0.0700 65.6662 
0.0800 68.0579 
0.0899 67.5626 
0.0999 68.0992 
0.1099 69.0007 
0.1199 71.1653 
0.1299 71.0400 
0.1399 70.4480 
0.1499 69.5957 
0.16 68.5319 
0.1700 68.3416 
0.1800 68.0782 
0.1900 67.0837 
0.2000 67.2487 
0.2100 67.0750 
0.2200 66.9556 
0.2300 66.1092 
0.2400 65.6513 
0.2500 66.0441 
0.2600 65.2978 
0.2700 64.2613 
0.2800 63.4805 
0.2900 62.9875 
0.3000 62.2165 
0.3100 62.0149 
0.3200 62.1704 
0.3300 62.2395 
0.3400 62.7035 
0.3500 62.0991 
0.3600 62.8004 
0.3700 62.5011 
0.3800 62.5524 
0.3900 62.4923 
0.4000 62.4563 
0.4100 62.0085 
0.4200 61.9859 
0.4300 61.5304 
0.4400 62.0207 
0.4500 61.5093 
0.4600 61.3151 
0.4700 61.3096 
0.4800 61.3396 
0.4900 61.1262 
0.5000 61.3452 
0.5100 61.0236 
0.5200 61.3504 
0.5300 61.1049 
0.5400 61.2453 
0.5500 61.1031 
0.5600 61.0871 
0.5700 61.3841 
0.5800 61.8463 
0.5900 62.1204 
0.6000 62.3853 
0.6100 62.0855 
0.6200 61.8637 
0.6300 61.7163 
0.6400 61.6927 
0.6500 61.8916 
0.6600 61.6734 
0.6700 61.6262 
0.6800 61.5679 
0.6900 61.2656 
0.7000 61.5170 
0.7100 61.3194 
0.7200 61.5395 
0.7300 61.6607 
0.7400 61.4806 
0.7500 61.8367 
0.7600 61.6145 
0.7700 61.5081 
0.7800 61.4371 
0.7900 61.4108 
0.8000 61.7879 
0.8100 61.9883 
0.8200 61.8528 
0.8300 61.6695 
0.8400 61.9449 
0.8500 62.0242 
0.8600 62.1313 
0.8700 62.1969 
0.8800 61.8852 
0.8900 61.7235 
0.9000 61.7255 
0.9100 61.6808 
0.9200 61.6187 
0.9300 61.9683 
0.9400 62.1751 
0.9500 61.8152 
0.9600 61.9486 
0.9700 61.9219 
0.9800 61.9477 
0.9900 61.8102 
1.0000 61.6500 
1.0100 61.6274 
1.0200 61.8047 
1.0300 61.8550 
1.0400 61.9126 
1.0500 62.0982 
1.0600 62.1204 
1.0700 62.1422 
1.0800 61.9751 
1.0900 62.1611 
1.1000 62.4286 
1.1100 62.3246 
1.1200 62.3889 
1.1300 62.3621 
1.1400 62.2763 
1.1500 62.3763 
1.1600 62.4599 
1.1700 62.3972 
1.1800 62.4002 
1.1900 62.5243 
1.2000 62.5333 
1.2100 62.7173 
1.2200 62.6759 
1.2300 62.6765 
1.2400 62.7045 
1.2500 62.4471 
1.2600 62.2879 
1.2700 62.4519 
1.2800 62.4873 
1.2900 62.5814 
1.3000 62.3022 
1.3100 62.1762 
1.3200 62.0649 
1.3300 61.9808 
1.3400 62.0119 
1.3500 61.7975 
1.3600 61.6923 
1.3700 61.7743 
1.3800 61.7937 
1.3900 61.8799 
1.4000 61.9951 
1.4100 62.0847 
1.4200 62.0297 
1.4300 62.1415 
1.4400 62.2282 
1.4500 62.2669 
1.4600 62.1424 
1.4700 62.1812 
1.4800 62.2194 
1.4900 62.3482 
1.5000 62.2491 
1.5100 62.3086 
1.5200 62.3673 
1.5300 62.3809 
1.5400 62.1576 
1.5500 62.2270 
1.5600 62.1924 
1.5700 62.2715 
1.5800 62.2638 
1.5900 62.2189 
1.6000 62.2063 
1.6100 62.2940 
1.6200 62.1869 
1.6300 62.3204 
1.6400 62.2041 
1.6500 62.3000 
1.6600 62.2925 
1.6700 62.1835 
1.6800 62.2778 
1.6900 62.3408 
1.7000 62.3731 
1.7100 62.3654 
1.7200 62.5402 
1.7300 62.6199 
1.7400 62.4744 
1.7500 62.5826 
1.7600 62.6173 
1.7700 62.6277 
1.7800 62.6426 
1.7900 62.6527 
1.8000 62.5167 
1.8100 62.6773 
1.8200 62.6823 
1.8300 62.5808 
1.8400 62.5909 
1.8500 62.5551 
1.8600 62.5288 
1.8700 62.6162 
1.8800 62.6034 
1.8900 62.5952 
1.9000 62.6049 
1.9100 62.6323 
1.9200 62.6683 
1.9300 62.5413 
1.9400 62.6298 
1.9500 62.6783 
1.9600 62.7133 
1.9700 62.6962 
1.9800 62.7094 
1.9900 62.5945 
0.01 11.92 
0.02 8.50399 
0.0299 9.06133 
0.0400 6.79600 
0.0500 5.43679 
0.0600 4.53066 
0.0700 3.88342 
0.0800 3.39800 
0.0899 3.02044 
0.0999 2.71840 
0.1099 2.47127 
0.1199 2.26533 
0.1299 2.09107 
0.1399 1.94171 
0.1499 1.81226 
0.16 1.69900 
0.1700 1.59905 
0.1800 1.51022 
0.1900 1.43073 
0.2000 1.3592 
0.2100 1.29447 
0.2200 1.23563 
0.2300 1.21878 
0.2400 1.48599 
0.2500 1.42655 
0.2600 1.37169 
0.2700 1.32088 
0.2800 1.27371 
0.2900 1.22979 
0.3000 1.18879 
0.3100 1.15045 
0.3200 1.11449 
0.3300 1.08072 
0.3400 1.04894 
0.3500 1.01897 
0.3600 0.99066 
0.3700 0.96389 
0.3800 0.93852 
0.3900 0.91446 
0.4000 0.89159 
0.4100 0.86985 
0.4200 0.84914 
0.4300 0.82939 
0.4400 0.90690 
0.4500 1.64053 
0.4600 2.60034 
0.4700 3.06825 
0.4800 3.88766 
0.4900 4.41404 
0.5000 5.39423 
0.5100 6.31937 
0.5200 6.75230 
0.5300 7.13690 
0.5400 8.10399 
0.5500 8.51170 
0.5600 9.11685 
0.5700 9.56687 
0.5800 9.70896 
0.5900 10.1768 
0.6000 10.5159 
0.6100 11.1220 
0.6200 11.3667 
0.6300 11.4689 
0.6400 11.3824 
0.6500 11.8857 
0.6600 12.1039 
0.6700 12.6194 
0.6800 13.0324 
0.6900 13.2860 
0.7000 13.7140 
0.7100 13.9986 
0.7200 14.4991 
0.7300 14.8580 
0.7400 14.6802 
0.7500 14.4844 
0.7600 14.2938 
0.7700 14.1082 
0.7800 13.9273 
0.7900 13.7510 
0.8000 13.5791 
0.8100 13.4115 
0.8200 13.2479 
0.8300 13.0883 
0.8400 12.9325 
0.8500 12.7804 
0.8600 12.6318 
0.8700 12.4866 
0.8800 12.3447 
0.8900 12.2060 
0.9000 12.0703 
0.9100 11.9377 
0.9200 11.8079 
0.9300 11.6810 
0.9400 11.8183 
0.9500 11.8814 
0.9600 12.0491 
0.9700 12.3096 
0.9800 12.4782 
0.9900 12.6947 
1.0000 12.7967 
1.0100 13.0563 
1.0200 13.2691 
1.0300 13.4614 
1.0400 13.6499 
1.0500 13.7219 
1.0600 13.9444 
1.0700 14.1786 
1.0800 14.4007 
1.0900 14.5097 
1.1000 14.7093 
1.1100 14.8289 
1.1200 14.8858 
1.1300 15.2644 
1.1400 15.4652 
1.1500 15.5151 
1.1600 15.6811 
1.1700 15.7355 
1.1800 15.6955 
1.1900 15.7561 
1.2000 15.8933 
1.2100 16.0353 
1.2200 16.1888 
1.2300 16.2295 
1.2400 16.4064 
1.2500 16.5804 
1.2600 16.6440 
1.2700 16.7734 
1.2800 16.8212 
1.2900 16.9669 
1.3000 17.0777 
1.3100 17.2775 
1.3200 17.4999 
1.3300 17.7063 
1.3400 17.9475 
1.3500 18.1287 
1.3600 18.1388 
1.3700 18.1487 
1.3800 18.0172 
1.3900 17.8876 
1.4000 17.7598 
1.4100 17.6339 
1.4200 17.5097 
1.4300 17.3873 
1.4400 17.2665 
1.4500 17.1474 
1.4600 17.0300 
1.4700 16.9141 
1.4800 16.7998 
1.4900 16.6871 
1.5000 16.5758 
1.5100 16.4661 
1.5200 16.3577 
1.5300 16.2508 
1.5400 16.1453 
1.5500 16.0411 
1.5600 15.9383 
1.5700 15.9340 
1.5800 16.0801 
1.5900 16.1656 
1.6000 16.1758 
1.6100 16.3282 
1.6200 16.3530 
1.6300 16.5024 
1.6400 16.6552 
1.6500 16.7187 
1.6600 16.8785 
1.6700 16.9552 
1.6800 17.1369 
1.6900 17.2613 
1.7000 17.3892 
1.7100 17.4313 
1.7200 17.5519 
1.7300 17.6220 
1.7400 17.6474 
1.7500 17.6919 
1.7600 17.8227 
1.7700 17.9232 
1.7800 18.1322 
1.7900 18.4241 
1.8000 18.4725 
1.8100 18.4641 
1.8200 18.5770 
1.8300 18.6979 
1.8400 18.8959 
1.8500 19.0963 
1.8600 19.1121 
1.8700 19.3274 
1.8800 19.2742 
1.8900 19.2529 
1.9000 19.2587 
1.9100 19.3843 
1.9200 19.3982 
1.9300 19.5437 
1.9400 19.6397 
1.9500 19.6694 
1.9600 19.7854 
1.9700 19.7883 
1.9800 19.8126 
1.9900 19.9815 
0.01 1.744 
0.02 2.56800 
0.0299 1.71200 
0.0400 1.284 
0.0500 1.02719 
0.0600 0.85599 
0.0700 0.73371 
0.0800 0.64200 
0.0899 0.57066 
0.0999 0.51360 
0.1099 0.46690 
0.1199 0.42800 
0.1299 0.39507 
0.1399 0.36685 
0.1499 0.34240 
0.16 0.32100 
0.1700 0.30211 
0.1800 0.28533 
0.1900 0.27031 
0.2000 0.25679 
0.2100 0.24457 
0.2200 0.54181 
0.2300 0.99756 
0.2400 1.48599 
0.2500 1.73183 
0.2600 1.66523 
0.2700 1.60355 
0.2800 1.54628 
0.2900 1.49296 
0.3000 1.44319 
0.3100 1.39664 
0.3200 1.35299 
0.3300 1.31199 
0.3400 1.27341 
0.3500 1.23702 
0.3600 1.20266 
0.3700 1.17016 
0.3800 1.13936 
0.3900 1.11015 
0.4000 1.08239 
0.4100 1.05599 
0.4200 1.03085 
0.4300 1.00688 
0.4400 0.98399 
0.4500 0.98097 
0.4600 0.95965 
0.4700 0.93923 
0.4800 0.91966 
0.4900 0.90089 
0.5000 0.88287 
0.5100 0.86556 
0.5200 0.84892 
0.5300 0.83290 
0.5400 0.81748 
0.5500 0.80261 
0.5600 0.78828 
0.5700 0.77445 
0.5800 0.76110 
0.5900 0.74820 
0.6000 0.73573 
0.6100 0.72367 
0.6200 0.71199 
0.6300 0.70069 
0.6400 0.68974 
0.6500 0.67913 
0.6600 0.66884 
0.6700 0.65886 
0.6800 0.64917 
0.6900 0.63976 
0.7000 0.63062 
0.7100 0.62174 
0.7200 0.61311 
0.7300 0.60471 
0.7400 0.59654 
0.7500 0.58858 
0.7600 0.58084 
0.7700 0.57329 
0.7800 0.56594 
0.7900 0.55878 
0.8000 0.55179 
0.8100 0.54498 
0.8200 0.53834 
0.8300 0.53185 
0.8400 0.52552 
0.8500 0.52931 
0.8600 0.52316 
0.8700 0.51714 
0.8800 0.51127 
0.8900 0.50552 
0.9000 0.49991 
0.9100 0.49441 
0.9200 0.48904 
0.9300 0.48378 
0.9400 0.47863 
0.9500 0.47359 
0.9600 0.46866 
0.9700 0.46383 
0.9800 0.45910 
0.9900 0.45446 
1.0000 0.44991 
1.0100 0.44546 
1.0200 0.44109 
1.0300 0.43681 
1.0400 0.43261 
1.0500 0.42849 
1.0600 0.42445 
1.0700 0.42048 
1.0800 0.41659 
1.0900 0.41277 
1.1000 0.40901 
1.1100 0.40533 
1.1200 0.40171 
1.1300 0.39815 
1.1400 0.39466 
1.1500 0.39123 
1.1600 0.38786 
1.1700 0.38454 
1.1800 0.38128 
1.1900 0.37808 
1.2000 0.37493 
1.2100 0.37183 
1.2200 0.36878 
1.2300 0.36578 
1.2400 0.36283 
1.2500 0.35993 
1.2600 0.35707 
1.2700 0.35426 
1.2800 0.35149 
1.2900 0.34877 
1.3000 0.34609 
1.3100 0.34345 
1.3200 0.34084 
1.3300 0.33828 
1.3400 0.33576 
1.3500 0.33327 
1.3600 0.33082 
1.3700 0.32840 
1.3800 0.32602 
1.3900 0.32368 
1.4000 0.32137 
1.4100 0.31909 
1.4200 0.31684 
1.4300 0.31462 
1.4400 0.31244 
1.4500 0.31028 
1.4600 0.30816 
1.4700 0.30606 
1.4800 0.30399 
1.4900 0.30195 
1.5000 0.29994 
1.5100 0.29796 
1.5200 0.29599 
1.5300 0.29406 
1.5400 0.29215 
1.5500 0.29027 
1.5600 0.28841 
1.5700 0.28657 
1.5800 0.28475 
1.5900 0.28296 
1.6000 0.28119 
1.6100 0.27945 
1.6200 0.27772 
1.6300 0.27602 
1.6400 0.27434 
1.6500 0.27267 
1.6600 0.27103 
1.6700 0.26941 
1.6800 0.26780 
1.6900 0.26622 
1.7000 0.26465 
1.7100 0.26311 
1.7200 0.26158 
1.7300 0.26006 
1.7400 0.25857 
1.7500 0.25709 
1.7600 0.25563 
1.7700 0.25419 
1.7800 0.25276 
1.7900 0.25135 
1.8000 0.24995 
1.8100 0.24857 
1.8200 0.24720 
1.8300 0.24585 
1.8400 0.24452 
1.8500 0.24319 
1.8600 0.24189 
1.8700 0.24059 
1.8800 0.23931 
1.8900 0.23805 
1.9000 0.23679 
1.9100 0.23556 
1.9200 0.23433 
1.9300 0.23311 
1.9400 0.23191 
1.9500 0.23072 
1.9600 0.22955 
1.9700 0.22838 
1.9800 0.22723 
1.9900 0.22609 
0.01 39.0560 
0.02 39.0319 
0.0299 39.872 
0.0400 36.052 
0.0500 34.2687 
0.0600 36.8960 
0.0700 39.6205 
0.0800 36.8939 
0.0899 37.6000 
0.0999 40.2848 
0.1099 43.2523 
0.1199 43.3226 
0.1299 43.9692 
0.1399 42.7668 
0.1499 42.1770 
0.16 44.2049 
0.1700 44.5976 
0.1800 43.8159 
0.1900 44.0092 
0.2000 43.7591 
0.2100 43.0483 
0.2200 42.5949 
0.2300 42.1808 
0.2400 41.8366 
0.2500 42.3340 
0.2600 42.1409 
0.2700 42.2761 
0.2800 42.0382 
0.2900 41.9337 
0.3000 41.6949 
0.3100 41.1705 
0.3200 41.7389 
0.3300 42.8896 
0.3400 43.8978 
0.3500 43.6127 
0.3600 43.4377 
0.3700 43.6847 
0.3800 44.1418 
0.3900 44.1624 
0.4000 44.0971 
0.4100 43.8282 
0.4200 43.5721 
0.4300 43.1899 
0.4400 43.4225 
0.4500 43.5128 
0.4600 43.0646 
0.4700 42.7618 
0.4800 42.4893 
0.4900 42.2798 
0.5000 42.0278 
0.5100 41.9187 
0.5200 41.7323 
0.5300 42.0489 
0.5400 42.1967 
0.5500 42.3546 
0.5600 41.9011 
0.5700 41.7908 
0.5800 41.6697 
0.5900 41.5240 
0.6000 41.4255 
0.6100 41.5666 
0.6200 41.8126 
0.6300 41.5123 
0.6400 41.7779 
0.6500 41.9180 
0.6600 41.5141 
0.6700 41.6286 
0.6800 41.2534 
0.6900 40.9996 
0.7000 41.0075 
0.7100 41.3138 
0.7200 41.1639 
0.7300 40.9021 
0.7400 40.7848 
0.7500 40.8063 
0.7600 40.9389 
0.7700 41.0900 
0.7800 41.0416 
0.7900 41.1769 
0.8000 41.3087 
0.8100 41.3432 
0.8200 41.1389 
0.8300 40.9089 
0.8400 40.7853 
0.8500 40.6846 
0.8600 40.6848 
0.8700 40.7435 
0.8800 40.6370 
0.8900 40.5425 
0.9000 40.2145 
0.9100 40.3224 
0.9200 40.6307 
0.9300 40.6680 
0.9400 40.5872 
0.9500 40.5884 
0.9600 40.3688 
0.9700 40.2324 
0.9800 40.2458 
0.9900 40.0706 
1.0000 40.1108 
1.0100 40.4274 
1.0200 40.4384 
1.0300 40.5892 
1.0400 40.6066 
1.0500 40.5025 
1.0600 40.5204 
1.0700 40.4746 
1.0800 40.5159 
1.0900 40.4165 
1.1000 40.4191 
1.1100 40.3148 
1.1200 39.9548 
1.1300 39.6012 
1.1400 39.2538 
1.1500 38.9125 
1.1600 38.5771 
1.1700 38.2473 
1.1800 37.9232 
1.1900 37.6045 
1.2000 37.2911 
1.2100 36.9830 
1.2200 36.6798 
1.2300 36.3816 
1.2400 36.0882 
1.2500 35.7995 
1.2600 35.5154 
1.2700 35.2357 
1.2800 34.9604 
1.2900 34.6894 
1.3000 34.4226 
1.3100 34.2116 
1.3200 34.2158 
1.3300 34.4878 
1.3400 34.5088 
1.3500 34.6866 
1.3600 34.9242 
1.3700 35.0283 
1.3800 35.1554 
1.3900 35.1465 
1.4000 35.2286 
1.4100 35.3637 
1.4200 35.5327 
1.4300 35.5688 
1.4400 35.5103 
1.4500 35.5227 
1.4600 35.4304 
1.4700 35.6278 
1.4800 35.5361 
1.4900 35.5024 
1.5000 35.5993 
1.5100 35.6331 
1.5200 35.6386 
1.5300 35.6772 
1.5400 35.7870 
1.5500 35.7421 
1.5600 35.6869 
1.5700 35.8053 
1.5800 35.7451 
1.5900 35.7336 
1.6000 35.6639 
1.6100 35.6531 
1.6200 35.5377 
1.6300 35.4914 
1.6400 35.4818 
1.6500 35.4672 
1.6600 35.6878 
1.6700 35.6213 
1.6800 35.6516 
1.6900 35.6714 
1.7000 35.6412 
1.7100 35.6410 
1.7200 35.6606 
1.7300 35.5574 
1.7400 35.4895 
1.7500 35.4272 
1.7600 35.5777 
1.7700 35.5779 
1.7800 35.5972 
1.7900 35.5215 
1.8000 35.5785 
1.8100 35.6350 
1.8200 35.8911 
1.8300 36.0286 
1.8400 36.0172 
1.8500 36.0196 
1.8600 36.2089 
1.8700 36.2329 
1.8800 36.1575 
1.8900 36.2040 
1.9000 36.2455 
1.9100 36.1978 
1.9200 36.2699 
1.9300 36.4247 
1.9400 36.4992 
1.9500 36.4685 
1.9600 36.4902 
1.9700 36.4900 
1.9800 36.4599 
1.9900 36.4088 
0.01 11.92 
0.02 5.96 
0.0299 3.97333 
0.0400 2.98 
0.0500 2.38399 
0.0600 1.98666 
0.0700 1.70285 
0.0800 1.49 
0.0899 1.32444 
0.0999 1.19200 
0.1099 1.08363 
0.1199 0.99333 
0.1299 0.91692 
0.1399 0.85142 
0.1499 0.79466 
0.16 0.745 
0.1700 0.70117 
0.1800 0.66222 
0.1900 0.62736 
0.2000 0.59599 
0.2100 0.68876 
0.2200 1.42836 
0.2300 2.06678 
0.2400 2.36933 
0.2500 3.15647 
0.2600 3.26338 
0.2700 3.14251 
0.2800 3.03028 
0.2900 2.92579 
0.3000 2.82826 
0.3100 2.73703 
0.3200 2.65149 
0.3300 2.57115 
0.3400 2.49552 
0.3500 2.42422 
0.3600 2.35688 
0.3700 2.29318 
0.3800 2.23284 
0.3900 2.17558 
0.4000 2.12119 
0.4100 2.06946 
0.4200 2.02019 
0.4300 1.97320 
0.4400 1.92836 
0.4500 1.88551 
0.4600 2.69252 
0.4700 4.22297 
0.4800 5.72499 
0.4900 6.99265 
0.5000 8.54879 
0.5100 9.71137 
0.5200 11.0901 
0.5300 12.4809 
0.5400 13.3804 
0.5500 14.6173 
0.5600 15.6282 
0.5700 17.0798 
0.5800 18.0135 
0.5900 18.8867 
0.6000 19.9711 
0.6100 20.9783 
0.6200 21.7889 
0.6300 22.7890 
0.6400 23.7049 
0.6500 24.5927 
0.6600 25.5049 
0.6700 26.3899 
0.6800 27.1491 
0.6900 27.9355 
0.7000 28.5540 
0.7100 29.2984 
0.7200 30.1164 
0.7300 30.6332 
0.7400 31.2849 
0.7500 31.9532 
0.7600 32.3808 
0.7700 33.0946 
0.7800 33.7684 
0.7900 34.1996 
0.8000 34.7897 
0.8100 35.3653 
0.8200 35.9681 
0.8300 36.5565 
0.8400 36.9289 
0.8500 37.4921 
0.8600 38.0027 
0.8700 38.5017 
0.8800 38.9892 
0.8900 39.5039 
0.9000 39.7811 
0.9100 40.3038 
0.9200 40.7321 
0.9300 41.1695 
0.9400 41.6337 
0.9500 41.9095 
0.9600 42.3563 
0.9700 42.9337 
0.9800 43.2225 
0.9900 43.6425 
1.0000 43.8590 
1.0100 44.1132 
1.0200 44.4872 
1.0300 44.8456 
1.0400 45.2298 
1.0500 45.6067 
1.0600 45.9764 
1.0700 46.3392 
1.0800 46.6639 
1.0900 46.9827 
1.1000 47.2031 
1.1100 47.5419 
1.1200 47.8745 
1.1300 48.1112 
1.1400 48.4331 
1.1500 48.5723 
1.1600 48.9724 
1.1700 49.1916 
1.1800 49.3496 
1.1900 49.6190 
1.2000 49.7921 
1.2100 50.0534 
1.2200 50.1992 
1.2300 50.4529 
1.2400 50.6410 
1.2500 50.9143 
1.2600 51.1832 
1.2700 51.4479 
1.2800 51.6819 
1.2900 51.8335 
1.3000 52.0153 
1.3100 52.2268 
1.3200 52.5056 
1.3300 52.6209 
1.3400 52.9370 
1.3500 53.1730 
1.3600 53.3058 
1.3700 53.5110 
1.3800 53.6394 
1.3900 53.8391 
1.4000 54.0603 
1.4100 54.1279 
1.4200 54.3260 
1.4300 54.5391 
1.4400 54.7257 
1.4500 54.8396 
1.4600 55.0215 
1.4700 55.2241 
1.4800 55.3094 
1.4900 55.5073 
1.5000 55.7026 
1.5100 55.8728 
1.5200 55.9738 
1.5300 56.2509 
1.5400 56.3482 
1.5500 56.5099 
1.5600 56.6695 
1.5700 56.8487 
1.5800 56.9934 
1.5900 57.0829 
1.6000 57.2137 
1.6100 57.3851 
1.6200 57.5334 
1.6300 57.6799 
1.6400 57.7625 
1.6500 57.9263 
1.6600 58.0678 
1.6700 58.1263 
1.6800 58.3457 
1.6900 58.4319 
1.7000 58.5571 
1.7100 58.6908 
1.7200 58.8278 
1.7300 59.0367 
1.7400 59.1068 
1.7500 59.2342 
1.7600 59.3795 
1.7700 59.4273 
1.7800 59.6270 
1.7900 59.6824 
1.8000 59.8973 
1.8100 60.0161 
1.8200 60.0591 
1.8300 60.1943 
1.8400 60.3096 
1.8500 60.4420 
1.8600 60.5729 
1.8700 60.6118 
1.8800 60.6232 
1.8900 60.8049 
1.9000 60.9312 
1.9100 61.0562 
1.9200 61.1799 
1.9300 61.2276 
1.9400 61.3185 
1.9500 61.4258 
1.9600 61.5408 
1.9700 61.6416 
1.9800 61.7586 
1.9900 61.8573 
0.01 28.8799 
0.02 33.9440 
0.0299 35.6319 
0.0400 35.2040 
0.0500 28.8416 
0.0600 29.8293 
0.0700 25.5679 
0.0800 22.372 
0.0899 19.8862 
0.0999 17.8976 
0.1099 16.2705 
0.1199 14.9146 
0.1299 13.7673 
0.1399 12.7840 
0.1499 11.9317 
0.16 11.186 
0.1700 10.5279 
0.1800 9.94311 
0.1900 9.41978 
0.2000 8.94879 
0.2100 8.52266 
0.2200 8.13527 
0.2300 7.78156 
0.2400 7.45733 
0.2500 7.15903 
0.2600 6.88369 
0.2700 7.06844 
0.2800 7.69428 
0.2900 7.72137 
0.3000 7.46399 
0.3100 7.22322 
0.3200 6.99749 
0.3300 6.78545 
0.3400 6.58588 
0.3500 6.39771 
0.3600 6.21999 
0.3700 6.05189 
0.3800 5.89263 
0.3900 5.74153 
0.4000 5.59799 
0.4100 5.46146 
0.4200 5.33142 
0.4300 5.20744 
0.4400 5.08909 
0.4500 4.97599 
0.4600 4.86782 
0.4700 4.76425 
0.4800 4.66499 
0.4900 5.46971 
0.5000 6.92063 
0.5100 8.28141 
0.5200 9.75292 
0.5300 10.7849 
0.5400 11.7786 
0.5500 13.1063 
0.5600 14.5682 
0.5700 15.5028 
0.5800 16.5806 
0.5900 17.4494 
0.6000 18.5437 
0.6100 19.5742 
0.6200 20.3527 
0.6300 21.5372 
0.6400 22.5257 
0.6500 23.2228 
0.6600 23.8475 
0.6700 24.7066 
0.6800 25.4905 
0.6900 26.2026 
0.7000 26.9913 
0.7100 27.5666 
0.7200 28.3615 
0.7300 29.1346 
0.7400 29.7952 
0.7500 30.5286 
0.7600 31.0195 
0.7700 31.8061 
0.7800 32.4420 
0.7900 32.9330 
0.8000 33.3905 
0.8100 33.9624 
0.8200 34.4273 
0.8300 35.1159 
0.8400 35.6670 
0.8500 36.2450 
0.8600 36.7702 
0.8700 37.2833 
0.8800 37.7847 
0.8900 38.3129 
0.9000 38.8295 
0.9100 39.2601 
0.9200 39.7551 
0.9300 40.0844 
0.9400 40.5331 
0.9500 40.9633 
0.9600 41.4199 
0.9700 41.6923 
0.9800 41.9591 
0.9900 42.1435 
1.0000 42.5531 
1.0100 42.7782 
1.0200 43.1570 
1.0300 43.5283 
1.0400 43.8599 
1.0500 44.1852 
1.0600 44.4084 
1.0700 44.9127 
1.0800 45.2506 
1.0900 45.3334 
1.1000 45.5611 
1.1100 45.9528 
1.1200 46.1407 
1.1300 46.2877 
1.1400 46.6255 
1.1500 46.7731 
1.1600 47.0497 
1.1700 47.3362 
1.1800 47.3949 
1.1900 47.6808 
1.2000 47.9759 
1.2100 48.1892 
1.2200 48.4893 
1.2300 48.7569 
1.2400 49.0202 
1.2500 49.3879 
1.2600 49.4064 
1.2700 49.6317 
1.2800 49.8203 
1.2900 50.0652 
1.3000 50.2019 
1.3100 50.4401 
1.3200 50.6490 
1.3300 50.8803 
1.3400 51.1081 
1.3500 51.3326 
1.3600 51.4103 
1.3700 51.6788 
1.3800 51.8635 
1.3900 51.9784 
1.4000 52.1705 
1.4100 52.3658 
1.4200 52.6898 
1.4300 52.7483 
1.4400 52.9708 
1.4500 53.1436 
1.4600 53.1919 
1.4700 53.4012 
1.4800 53.5962 
1.4900 53.7828 
1.5000 53.9670 
1.5100 54.1712 
1.5200 54.3727 
1.5300 54.4607 
1.5400 54.6357 
1.5500 54.8084 
1.5600 54.9300 
1.5700 54.9744 
1.5800 55.1310 
1.5900 55.2429 
1.6000 55.4064 
1.6100 55.4837 
1.6200 55.6646 
1.6300 55.7601 
1.6400 55.9579 
1.6500 56.0094 
1.6600 56.1624 
1.6700 56.3135 
1.6800 56.4831 
1.6900 56.5704 
1.7000 56.7364 
1.7100 56.8609 
1.7200 57.0036 
1.7300 57.1446 
1.7400 57.2646 
1.7500 57.3250 
1.7600 57.4233 
1.7700 57.5971 
1.7800 57.7500 
1.7900 57.8821 
1.8000 58.0317 
1.8100 58.1046 
1.8200 58.1395 
1.8300 58.2852 
1.8400 58.3924 
1.8500 58.5351 
1.8600 58.6763 
1.8700 58.7389 
1.8800 58.8325 
1.8900 58.9699 
1.9000 59.0165 
1.9100 59.0228 
1.9200 59.1261 
1.9300 59.3250 
1.9400 59.4389 
1.9500 59.4820 
1.9600 59.6111 
1.9700 59.6529 
1.9800 59.7799 
1.9900 59.8886 
0.01 1.744 
0.02 5.96 
0.0299 14.1493 
0.0400 14.852 
0.0500 11.8816 
0.0600 9.90133 
0.0700 8.48685 
0.0800 7.42600 
0.0899 6.60088 
0.0999 5.94080 
0.1099 5.40072 
0.1199 4.95066 
0.1299 4.56984 
0.1399 4.24342 
0.1499 3.96053 
0.16 3.71300 
0.1700 3.49458 
0.1800 3.30044 
0.1900 3.12673 
0.2000 2.97039 
0.2100 2.82895 
0.2200 2.70036 
0.2300 2.58295 
0.2400 2.47533 
0.2500 2.64767 
0.2600 3.16553 
0.2700 3.36237 
0.2800 3.75714 
0.2900 3.62758 
0.3000 3.50666 
0.3100 3.39354 
0.3200 3.28749 
0.3300 3.18787 
0.3400 3.09411 
0.3500 3.00571 
0.3600 2.92222 
0.3700 2.84324 
0.3800 2.76842 
0.3900 2.69743 
0.4000 2.62999 
0.4100 2.56585 
0.4200 2.50476 
0.4300 2.44651 
0.4400 2.39090 
0.4500 2.33777 
0.4600 2.28695 
0.4700 2.23829 
0.4800 2.24466 
0.4900 3.37567 
0.5000 5.05503 
0.5100 6.16972 
0.5200 6.78492 
0.5300 8.11290 
0.5400 8.99911 
0.5500 9.82225 
0.5600 10.5554 
0.5700 11.2182 
0.5800 11.9751 
0.5900 13.0801 
0.6000 13.8797 
0.6100 15.0423 
0.6200 15.8255 
0.6300 16.7453 
0.6400 17.4774 
0.6500 18.3044 
0.6600 18.9522 
0.6700 19.7831 
0.6800 20.6270 
0.6900 21.1884 
0.7000 21.7337 
0.7100 22.3353 
0.7200 23.1086 
0.7300 23.8608 
0.7400 24.0998 
0.7500 24.6943 
0.7600 25.2844 
0.7700 26.0573 
0.7800 26.7126 
0.7900 27.1902 
0.8000 27.4333 
0.8100 27.9008 
0.8200 28.0362 
0.8300 28.4443 
0.8400 28.6710 
0.8500 29.3613 
0.8600 29.5819 
0.8700 29.9827 
0.8800 30.4899 
0.8900 30.9477 
0.9000 31.0561 
0.9100 31.3578 
0.9200 31.5608 
0.9300 31.7230 
0.9400 31.8907 
0.9500 32.2602 
0.9600 32.7809 
0.9700 33.2123 
0.9800 33.4964 
0.9900 33.8433 
1.0000 34.3190 
1.0100 34.5669 
1.0200 34.7352 
1.0300 35.2459 
1.0400 35.5593 
1.0500 35.9637 
1.0600 36.3604 
1.0700 36.6863 
1.0800 37.1004 
1.0900 37.4446 
1.1000 37.7518 
1.1100 38.0229 
1.1200 38.4102 
1.1300 38.4305 
1.1400 38.5472 
1.1500 38.8978 
1.1600 39.1107 
1.1700 39.4142 
1.1800 39.4539 
1.1900 39.6711 
1.2000 39.7150 
1.2100 39.8073 
1.2200 39.8772 
1.2300 40.0839 
1.2400 40.3419 
1.2500 40.5347 
1.2600 40.7178 
1.2700 41.0182 
1.2800 41.1416 
1.2900 41.3222 
1.3000 41.5132 
1.3100 41.6883 
1.3200 42.0149 
1.3300 42.1580 
1.3400 42.2548 
1.3500 42.4945 
1.3600 42.7308 
1.3700 42.8831 
1.3800 43.1623 
1.3900 43.3154 
1.4000 43.1271 
1.4100 43.1100 
1.4200 43.0572 
1.4300 43.1831 
1.4400 43.4367 
1.4500 43.5348 
1.4600 43.5561 
1.4700 43.6175 
1.4800 43.8442 
1.4900 44.0109 
1.5000 43.9549 
1.5100 44.1805 
1.5200 44.4031 
1.5300 44.3900 
1.5400 44.4377 
1.5500 44.6269 
1.5600 44.7866 
1.5700 44.7822 
1.5800 44.8208 
1.5900 44.9709 
1.6000 45.0608 
1.6100 45.0812 
1.6200 45.3421 
1.6300 45.5373 
1.6400 45.6526 
1.6500 45.8899 
1.6600 45.9302 
1.6700 46.0868 
1.6800 46.2566 
1.6900 46.3643 
1.7000 46.3609 
1.7100 46.3774 
1.7200 46.4923 
1.7300 46.6843 
1.7400 46.8644 
1.7500 47.0424 
1.7600 47.1269 
1.7700 47.1624 
1.7800 47.3739 
1.7900 47.3793 
1.8000 47.5306 
1.8100 47.5444 
1.8200 47.6886 
1.8300 47.7755 
1.8400 47.9122 
1.8500 47.9374 
1.8600 48.0171 
1.8700 48.0233 
1.8800 48.0701 
1.8900 48.1657 
1.9000 48.3273 
1.9100 48.4294 
1.9200 48.5835 
1.9300 48.6613 
1.9400 48.5985 
1.9500 48.6537 
1.9600 48.6607 
1.9700 48.6719 
1.9800 48.8416 
1.9900 48.8987 
0.01 11.92 
0.02 5.96 
0.0299 3.97333 
0.0400 2.98 
0.0500 2.38399 
0.0600 1.98666 
0.0700 1.70285 
0.0800 1.49 
0.0899 1.32444 
0.0999 1.19200 
0.1099 1.08363 
0.1199 0.99333 
0.1299 0.91692 
0.1399 0.85142 
0.1499 0.79466 
0.16 0.745 
0.1700 0.70117 
0.1800 0.66222 
0.1900 0.62736 
0.2000 0.59599 
0.2100 0.60799 
0.2200 1.46690 
0.2300 1.40313 
0.2400 1.34466 
0.2500 1.29087 
0.2600 1.24123 
0.2700 1.19525 
0.2800 1.15257 
0.2900 1.11282 
0.3000 1.07573 
0.3100 1.04103 
0.3200 1.00849 
0.3300 0.97793 
0.3400 0.94917 
0.3500 0.92205 
0.3600 0.89644 
0.3700 0.87221 
0.3800 0.84926 
0.3900 0.82748 
0.4000 0.80679 
0.4100 0.78712 
0.4200 0.82895 
0.4300 1.75627 
0.4400 3.54727 
0.4500 4.74986 
0.4600 6.34260 
0.4700 7.57889 
0.4800 8.69299 
0.4900 9.84816 
0.5000 10.6687 
0.5100 11.4073 
0.5200 12.4926 
0.5300 13.7289 
0.5400 14.6053 
0.5500 15.4498 
0.5600 16.4157 
0.5700 17.3774 
0.5800 18.5983 
0.5900 19.6629 
0.6000 20.2114 
0.6100 21.2424 
0.6200 22.1445 
0.6300 23.0313 
0.6400 23.8904 
0.6500 24.7623 
0.6600 25.4407 
0.6700 26.2507 
0.6800 26.7999 
0.6900 27.5422 
0.7000 28.2633 
0.7100 29.0596 
0.7200 29.5039 
0.7300 30.2150 
0.7400 30.5859 
0.7500 31.2183 
0.7600 31.8787 
0.7700 32.3017 
0.7800 32.7573 
0.7900 33.1155 
0.8000 33.3163 
0.8100 33.4599 
0.8200 33.4345 
0.8300 33.7673 
0.8400 33.9306 
0.8500 34.0402 
0.8600 34.2853 
0.8700 34.7685 
0.8800 35.1443 
0.8900 35.7785 
0.9000 35.9463 
0.9100 36.2967 
0.9200 36.6580 
0.9300 37.1666 
0.9400 37.7455 
0.9500 38.0266 
0.9600 38.3018 
0.9700 38.5713 
0.9800 38.7315 
0.9900 39.1626 
1.0000 39.2543 
1.0100 39.4534 
1.0200 39.8398 
1.0300 40.0375 
1.0400 40.2559 
1.0500 40.5106 
1.0600 40.7044 
1.0700 41.2116 
1.0800 41.3954 
1.0900 41.6380 
1.1000 41.8839 
1.1100 41.8809 
1.1200 42.1581 
1.1300 42.2803 
1.1400 42.6384 
1.1500 42.9239 
1.1600 43.2557 
1.1700 43.3498 
1.1800 43.7011 
1.1900 43.9895 
1.2000 44.0186 
1.2100 43.9842 
1.2200 44.1659 
1.2300 44.3101 
1.2400 44.5750 
1.2500 44.7205 
1.2600 44.8770 
1.2700 44.7640 
1.2800 44.9443 
1.2900 45.0626 
1.3000 45.1922 
1.3100 45.5463 
1.3200 45.6638 
1.3300 45.5628 
1.3400 45.8303 
1.3500 46.0624 
1.3600 46.3223 
1.3700 46.4794 
1.3800 46.4621 
1.3900 46.5976 
1.4000 46.6766 
1.4100 46.8748 
1.4200 46.9329 
1.4300 47.1503 
1.4400 47.2409 
1.4500 47.4941 
1.4600 47.5406 
1.4700 47.7248 
1.4800 47.7175 
1.4900 47.9151 
1.5000 47.9405 
1.5100 48.0049 
1.5200 48.0852 
1.5300 48.2919 
1.5400 48.4299 
1.5500 48.6372 
1.5600 48.8472 
1.5700 49.0330 
1.5800 49.1950 
1.5900 49.3283 
1.6000 49.3485 
1.6100 49.4371 
1.6200 49.3884 
1.6300 49.3767 
1.6400 49.4169 
1.6500 49.4669 
1.6600 49.4754 
1.6700 49.6159 
1.6800 49.6890 
1.6900 49.7412 
1.7000 49.8726 
1.7100 50.0570 
1.7200 50.1407 
1.7300 50.3214 
1.7400 50.4221 
1.7500 50.5216 
1.7600 50.6586 
1.7700 50.7365 
1.7800 50.8707 
1.7900 50.7570 
1.8000 50.7907 
1.8100 50.8146 
1.8200 50.9221 
1.8300 51.0517 
1.8400 51.0277 
1.8500 51.1736 
1.8600 51.3316 
1.8700 51.4561 
1.8800 51.6335 
1.8900 51.7013 
1.9000 51.8755 
1.9100 51.9058 
1.9200 51.9093 
1.9300 51.8293 
1.9400 51.8375 
1.9500 51.9108 
1.9600 52.0094 
1.9700 52.1328 
1.9800 52.1094 
1.9900 52.3077 
